player_id,player_lastname,player_firstname,season,pos,age,tm,g,gs,mp,fg,fga,fg_per,3p,3pa,3p_perc,2p,2pa,2p_perc,efg_perc,ft,fta,ft_perc,orb,drb,trb,ast,stl,blk,tov,pf,pts
abrinal01,Abrines,Álex,2018,SG,24,OKC,75,8,15.1,1.5,3.9,0.395,1.1,2.9,0.38,0.4,0.9,0.443,0.54,0.5,0.6,0.848,0.3,1.2,1.5,0.4,0.5,0.1,0.3,1.7,4.7
acyqu01,Acy,Quincy,2018,PF,27,BRK,70,8,19.4,1.9,5.2,0.356,1.5,4.2,0.349,0.4,1,0.384,0.496,0.7,0.9,0.817,0.6,3.1,3.7,0.8,0.5,0.4,0.9,2.1,5.9
adamsst01,Adams,Steven,2018,C,24,OKC,76,76,32.7,5.9,9.4,0.629,0,0,0,5.9,9.3,0.631,0.629,2.1,3.8,0.559,5.1,4,9,1.2,1.2,1,1.7,2.8,13.9
adebaba01,Adebayo,Bam,2018,C,20,MIA,69,19,19.8,2.5,4.9,0.512,0,0.1,0,2.5,4.8,0.523,0.512,1.9,2.6,0.721,1.7,3.8,5.5,1.5,0.5,0.6,1,2,6.9
afflaar01,Afflalo,Arron,2018,SG,32,ORL,53,3,12.9,1.2,3.1,0.401,0.5,1.3,0.386,0.7,1.7,0.413,0.485,0.4,0.5,0.846,0.1,1.2,1.2,0.6,0.1,0.2,0.4,1.1,3.4
aldrico01,Aldrich,Cole,2018,C,29,MIN,21,0,2.3,0.2,0.7,0.333,0,0,,0.2,0.7,0.333,0.333,0.1,0.3,0.333,0.1,0.6,0.7,0.1,0.1,0,0,0.5,0.6
aldrila01,Aldridge,LaMarcus,2018,C,32,SAS,75,75,33.5,9.2,18,0.51,0.4,1.2,0.293,8.8,16.7,0.526,0.52,4.5,5.3,0.837,3.3,5.2,8.5,2,0.6,1.2,1.5,2.1,23.1
allenja01,Allen,Jarrett,2018,C,19,BRK,72,31,20,3.3,5.5,0.589,0.1,0.2,0.333,3.2,5.3,0.599,0.596,1.6,2,0.776,2,3.4,5.4,0.7,0.4,1.2,1.1,2,8.2
allenka01,Allen,Kadeem,2018,PG,25,BOS,18,1,5.9,0.3,1.2,0.273,0,0.6,0,0.3,0.6,0.545,0.273,0.4,0.5,0.778,0.2,0.4,0.6,0.7,0.2,0.1,0.5,0.8,1.1
allento01,Allen,Tony,2018,SF,36,NOP,22,0,12.4,2,4.1,0.484,0.2,0.5,0.333,1.8,3.6,0.506,0.505,0.5,1,0.524,0.9,1.2,2.1,0.4,0.5,0.1,0.9,2.2,4.7
aminual01,Aminu,Al-Farouq,2018,PF,27,POR,69,67,30,3.3,8.4,0.395,1.8,4.9,0.369,1.5,3.5,0.432,0.503,0.9,1.2,0.738,1.4,6.2,7.6,1.2,1.1,0.6,1.1,2,9.3
anderju01,Anderson,Justin,2018,SF,24,PHI,38,0,13.7,2.3,5.3,0.431,0.9,2.7,0.33,1.4,2.6,0.535,0.515,0.7,1,0.737,0.7,1.8,2.4,0.7,0.4,0.2,0.4,1.4,6.2
anderky01,Anderson,Kyle,2018,SF,24,SAS,74,67,26.7,3.1,5.9,0.527,0.3,0.8,0.333,2.9,5.1,0.556,0.549,1.4,2,0.712,1.1,4.2,5.4,2.7,1.6,0.8,1.3,1.5,7.9
anderry01,Anderson,Ryan,2018,PF,29,HOU,66,50,26.1,3.1,7.3,0.431,2,5.1,0.386,1.2,2.1,0.539,0.568,1.1,1.4,0.774,1.4,3.6,5,0.9,0.4,0.3,0.6,1.9,9.3
anigbik01,Anigbogu,Ike,2018,C,19,IND,11,0,2.7,0.4,0.8,0.444,0,0,,0.4,0.8,0.444,0.444,0.5,0.5,0.833,0.5,0.4,0.8,0,0.1,0.3,0.2,0.1,1.2
antetgi01,Antetokounmpo,Giannis,2018,PF,23,MIL,75,75,36.7,9.9,18.7,0.529,0.6,1.9,0.307,9.3,16.8,0.554,0.545,6.5,8.5,0.76,2.1,8,10,4.8,1.5,1.4,3,3.1,26.9
anthoca01,Anthony,Carmelo,2018,PF,33,OKC,78,78,32.1,6.1,15,0.404,2.2,6.1,0.357,3.9,8.9,0.437,0.476,1.9,2.5,0.767,0.9,4.9,5.8,1.3,0.6,0.6,1.3,2.5,16.2
anunoog01,Anunoby,OG,2018,SF,20,TOR,74,62,20,2.2,4.7,0.471,1,2.7,0.371,1.2,2,0.604,0.577,0.5,0.8,0.629,0.6,1.9,2.5,0.7,0.7,0.2,0.6,1.8,5.9
arcidry01,Arcidiacono,Ryan,2018,PG,23,CHI,24,0,12.7,0.7,1.7,0.415,0.4,1.3,0.29,0.3,0.4,0.8,0.524,0.2,0.3,0.833,0,1,1,1.5,0.5,0,0.5,0.8,2
arizatr01,Ariza,Trevor,2018,SF,32,HOU,67,67,33.9,4,9.7,0.412,2.5,6.9,0.368,1.5,2.8,0.519,0.542,1.1,1.3,0.854,0.5,3.9,4.4,1.6,1.5,0.2,0.8,2,11.7
arthuda01,Arthur,Darrell,2018,PF,29,DEN,19,1,7.4,1.2,2.5,0.468,0.4,1.2,0.348,0.7,1.3,0.583,0.553,0.1,0.2,0.667,0.2,0.6,0.8,0.5,0.4,0.2,0.8,1.2,2.8
artisja01,Artis,Jamel,2018,SG,25,ORL,15,1,18.6,2.1,5.3,0.392,0.5,1.9,0.276,1.5,3.3,0.46,0.443,0.5,0.8,0.583,0.3,2.3,2.5,1.2,0.1,0.2,0.5,0.7,5.1
asikom01,Aşık,Ömer,2018,C,31,TOT,18,0,10.1,0.5,1.2,0.409,0,0,,0.5,1.2,0.409,0.409,0.2,0.7,0.308,0.5,2.1,2.6,0.2,0.1,0.2,0.5,1.1,1.2
asikom01,Aşık,Ömer,2018,C,31,NOP,14,0,8.6,0.5,1.1,0.438,0,0,,0.5,1.1,0.438,0.438,0.3,0.9,0.333,0.5,2.1,2.6,0.1,0.1,0.1,0.4,1,1.3
asikom01,Aşık,Ömer,2018,C,31,CHI,4,0,15.3,0.5,1.5,0.333,0,0,,0.5,1.5,0.333,0.333,0,0.3,0,0.5,2,2.5,0.3,0.3,0.5,1,1.5,1
augusdj01,Augustin,D.J.,2018,PG,30,ORL,75,36,23.5,3.3,7.2,0.452,1.5,3.6,0.419,1.7,3.6,0.485,0.557,2.2,2.5,0.868,0.4,1.7,2.1,3.8,0.7,0,1.6,1.3,10.2
babbilu01,Babbitt,Luke,2018,SF,28,TOT,50,14,14.3,1.8,4.3,0.423,1.2,3.1,0.385,0.6,1.2,0.525,0.563,0.3,0.4,0.773,0.1,1.8,1.9,0.6,0.2,0.1,0.4,1.1,5.2
babbilu01,Babbitt,Luke,2018,SF,28,ATL,37,9,15.4,2.2,4.5,0.476,1.3,3,0.441,0.8,1.5,0.544,0.622,0.5,0.6,0.773,0.1,2.1,2.2,0.7,0.2,0.1,0.4,1.3,6.1
babbilu01,Babbitt,Luke,2018,SF,28,MIA,13,5,11.2,0.8,3.6,0.234,0.8,3.5,0.244,0,0.2,0,0.351,0,0,,0.2,1,1.2,0.4,0.1,0.2,0.3,0.5,2.5
bacondw01,Bacon,Dwayne,2018,SG,22,CHO,53,6,13.5,1.4,3.6,0.375,0.2,0.8,0.256,1.2,2.8,0.409,0.404,0.4,0.5,0.8,0.1,2.3,2.3,0.7,0.3,0,0.4,0.9,3.3
bakerro01,Baker,Ron,2018,SG,24,NYK,29,1,13.3,0.7,2,0.339,0.4,1.1,0.333,0.3,0.9,0.346,0.432,0.7,0.9,0.769,0.2,0.9,1,1.6,0.9,0.2,0.6,1.1,2.4
baldwwa01,Baldwin,Wade,2018,PG,21,POR,7,0,11.4,2,3,0.667,0.6,0.7,0.8,1.4,2.3,0.625,0.762,0.9,1.4,0.6,0.1,1,1.1,0.7,0.3,0.1,0.6,1.7,5.4
balllo01,Ball,Lonzo,2018,PG,20,LAL,52,50,34.2,3.9,10.8,0.36,1.7,5.7,0.305,2.2,5.2,0.42,0.44,0.6,1.4,0.451,1.3,5.6,6.9,7.2,1.7,0.8,2.6,2.3,10.2
bareajo01,Barea,J.J.,2018,PG,33,DAL,69,10,23.2,4.4,10,0.439,1.7,4.5,0.367,2.7,5.5,0.499,0.522,1.2,1.5,0.784,0.2,2.7,2.9,6.3,0.5,0,2.1,1.2,11.6
barneha02,Barnes,Harrison,2018,PF,25,DAL,77,77,34.2,7,15.7,0.445,1.5,4.3,0.357,5.4,11.4,0.478,0.494,3.4,4.1,0.827,1,5.1,6.1,2,0.6,0.2,1.5,1.2,18.9
bartowi01,Barton,Will,2018,SG,27,DEN,81,40,33.1,5.7,12.7,0.452,1.9,5.2,0.37,3.8,7.5,0.51,0.528,2.2,2.8,0.805,0.9,4.2,5,4.1,1,0.6,1.8,2.1,15.7
batumni01,Batum,Nicolas,2018,SG,29,CHO,64,64,31,4.2,10.2,0.415,1.4,4.3,0.336,2.8,5.9,0.473,0.486,1.7,2,0.831,0.9,3.9,4.8,5.5,1,0.4,2,1.1,11.6
bayleje01,Bayless,Jerryd,2018,SG,29,PHI,39,11,23.7,2.8,6.7,0.416,1.4,3.7,0.37,1.4,3,0.474,0.519,0.9,1.1,0.795,0.4,1.7,2.1,1.4,0.6,0.2,1.2,2.3,7.9
baynear01,Baynes,Aron,2018,C,31,BOS,81,67,18.3,2.6,5.5,0.471,0,0.3,0.143,2.6,5.2,0.487,0.474,0.7,1,0.756,1.6,3.8,5.4,1.1,0.3,0.6,1,2.5,6
bazemke01,Bazemore,Kent,2018,SG,28,ATL,65,65,27.5,4.4,10.4,0.42,1.7,4.2,0.394,2.7,6.2,0.438,0.5,2.5,3.1,0.796,0.4,3.4,3.8,3.5,1.5,0.7,2.4,2.3,12.9
bealbr01,Beal,Bradley,2018,SG,24,WAS,82,82,36.3,8.3,18.1,0.46,2.4,6.5,0.375,5.9,11.6,0.507,0.527,3.6,4.5,0.791,0.7,3.7,4.4,4.5,1.2,0.4,2.6,2,22.6
beaslma01,Beasley,Malik,2018,SG,21,DEN,62,0,9.4,1.2,2.9,0.41,0.5,1.3,0.341,0.7,1.5,0.469,0.489,0.4,0.5,0.667,0.2,0.9,1.1,0.5,0.2,0.1,0.4,0.6,3.2
beaslmi01,Beasley,Michael,2018,PF,29,NYK,74,30,22.3,5.5,10.9,0.507,0.5,1.2,0.395,5.1,9.7,0.52,0.528,1.7,2.1,0.78,1.3,4.3,5.6,1.7,0.5,0.6,1.9,2,13.2
belinma01,Belinelli,Marco,2018,SG,31,TOT,80,2,24.3,4.2,9.6,0.441,1.9,4.9,0.377,2.4,4.6,0.509,0.539,1.9,2,0.908,0.3,1.6,1.9,1.9,0.8,0.2,1.2,1.1,12.1
belinma01,Belinelli,Marco,2018,SG,31,ATL,52,1,23.3,3.8,9.3,0.41,1.8,4.8,0.372,2.1,4.6,0.45,0.505,1.9,2.1,0.927,0.3,1.7,1.9,2,0.9,0.1,1,0.8,11.4
belinma01,Belinelli,Marco,2018,SG,31,PHI,28,1,26.3,4.9,10,0.495,2,5.3,0.385,2.9,4.7,0.618,0.597,1.7,1.9,0.87,0.2,1.6,1.8,1.6,0.7,0.3,1.4,1.8,13.6
belljo01,Bell,Jordan,2018,C,23,GSW,57,13,14.2,2,3.2,0.627,0,0.1,0,2,3.2,0.641,0.627,0.5,0.8,0.682,1.1,2.6,3.6,1.8,0.6,1,0.9,1.6,4.6
bembrde01,Bembry,DeAndre',2018,SF,23,ATL,26,3,17.5,2,4.9,0.414,0.4,1.2,0.367,1.6,3.8,0.429,0.457,0.7,1.3,0.576,0.3,2.5,2.8,1.9,0.8,0.5,1.8,1.5,5.2
bendedr01,Bender,Dragan,2018,PF,20,PHO,82,37,25.2,2.3,5.9,0.386,1.4,3.9,0.366,0.8,2,0.426,0.508,0.5,0.6,0.765,0.5,3.9,4.4,1.6,0.3,0.6,1.4,2,6.5
bertada01,Bertāns,Dāvis,2018,PF,25,SAS,77,10,14.1,2.1,4.8,0.44,1.2,3.3,0.373,0.9,1.5,0.588,0.568,0.5,0.6,0.816,0.2,1.8,2,1,0.3,0.4,0.5,1.2,5.9
beverpa01,Beverley,Patrick,2018,SG,29,LAC,11,11,30.4,4.4,10.8,0.403,2.2,5.5,0.4,2.2,5.4,0.407,0.504,1.3,1.5,0.824,1.5,2.6,4.1,2.9,1.7,0.5,2.3,3.1,12.2
birchkh01,Birch,Khem,2018,C,25,ORL,42,0,13.8,1.6,3,0.54,0,0,,1.6,3,0.54,0.54,1,1.5,0.689,1.7,2.6,4.3,0.8,0.4,0.5,0.5,1.3,4.2
birdja01,Bird,Jabari,2018,SG,23,BOS,13,1,8.8,1.2,2,0.577,0.2,0.5,0.429,0.9,1.5,0.632,0.635,0.5,1,0.462,0.5,1,1.5,0.6,0.2,0.1,0.6,0.5,3
biyombi01,Biyombo,Bismack,2018,C,25,ORL,82,25,18.2,2.2,4.3,0.52,0,0,0,2.2,4.3,0.521,0.52,1.2,1.9,0.65,1.8,4,5.7,0.8,0.3,1.2,1,1.9,5.7
bjeline01,Bjelica,Nemanja,2018,PF,29,MIN,67,21,20.5,2.6,5.5,0.461,1.1,2.7,0.415,1.4,2.8,0.505,0.563,0.5,0.7,0.8,0.8,3.3,4.1,1.3,0.7,0.2,0.8,2.1,6.8
blackta01,Black,Tarik,2018,C,26,HOU,51,2,10.5,1.5,2.5,0.591,0,0.2,0.091,1.5,2.3,0.638,0.594,0.6,1.2,0.46,1.2,2,3.2,0.3,0.4,0.6,0.7,2.1,3.5
blakean01,Blakeney,Antonio,2018,SG,21,CHI,19,0,16.5,2.8,7.5,0.371,0.8,2.7,0.288,2,4.8,0.418,0.423,1.6,2.1,0.769,0.2,1.5,1.7,1.1,0.4,0.1,0.6,1,7.9
bledser01,Bledsoe,Eric,2018,PG,28,TOT,74,74,31.4,6.3,13.4,0.473,1.7,4.9,0.347,4.6,8.5,0.545,0.536,3.4,4.3,0.795,0.7,3.1,3.8,5,2,0.6,2.9,2.5,17.7
bledser01,Bledsoe,Eric,2018,PG,28,PHO,3,3,27.7,5.3,13.3,0.4,1.3,4.3,0.308,4,9,0.444,0.45,3.7,4.7,0.786,1,1.3,2.3,3,1.3,0.7,3.3,2,15.7
bledser01,Bledsoe,Eric,2018,PG,28,MIL,71,71,31.5,6.4,13.4,0.476,1.7,4.9,0.349,4.7,8.5,0.55,0.54,3.4,4.3,0.795,0.7,3.2,3.9,5.1,2,0.6,2.9,2.5,17.8
blueva01,Blue,Vander,2018,SG,25,LAL,5,0,9,0.2,1,0.2,0,0.4,0,0.2,0.6,0.333,0.2,0.2,0.4,0.5,0,0.2,0.2,0.6,0.2,0,0.6,0.4,0.6
bogdabo01,Bogdanović,Bogdan,2018,SG,25,SAC,78,53,27.9,4.4,9.9,0.446,1.7,4.2,0.392,2.8,5.7,0.485,0.529,1.3,1.5,0.84,0.4,2.5,2.9,3.3,0.9,0.2,1.6,2.2,11.8
bogdabo02,Bogdanović,Bojan,2018,SF,28,IND,80,80,30.8,5.1,10.7,0.474,1.9,4.8,0.402,3.1,5.8,0.534,0.565,2.2,2.6,0.868,0.4,3,3.4,1.5,0.7,0.1,1.3,1.6,14.3
bogutan01,Bogut,Andrew,2018,C,33,LAL,24,5,9,0.7,1,0.68,0,0,,0.7,1,0.68,0.68,0.1,0.1,1,1.1,2.2,3.3,0.6,0.2,0.5,0.8,1.7,1.5
bolomjo01,Bolomboy,Joel,2018,PF,24,MIL,6,0,6.3,0.5,1,0.5,0,0.2,0,0.5,0.8,0.6,0.5,0.5,1,0.5,1,0.7,1.7,0,0.3,0,0.3,0.5,1.5
bookede01,Booker,Devin,2018,SG,21,PHO,54,54,34.5,8.4,19.5,0.432,2.7,7.1,0.383,5.7,12.4,0.46,0.501,5.4,6.1,0.878,0.5,4,4.5,4.7,0.9,0.3,3.6,3.1,24.9
booketr01,Booker,Trevor,2018,PF,30,TOT,68,7,17,2.6,5,0.516,0.1,0.5,0.242,2.5,4.6,0.545,0.528,1,1.4,0.71,1.7,3,4.7,1.2,0.4,0.3,0.9,1.8,6.3
booketr01,Booker,Trevor,2018,PF,30,BRK,18,6,21.9,4.3,8.3,0.513,0.2,0.7,0.25,4.1,7.7,0.536,0.523,1.3,2.4,0.558,2.1,4.5,6.6,2.1,0.4,0.3,1.7,2.4,10.1
booketr01,Booker,Trevor,2018,PF,30,PHI,33,0,15,1.8,3.3,0.56,0.1,0.2,0.286,1.8,3.1,0.578,0.569,1,1.2,0.821,1.4,2.3,3.7,0.8,0.5,0.3,0.6,1.5,4.7
booketr01,Booker,Trevor,2018,PF,30,IND,17,1,15.8,2.3,4.9,0.464,0.2,0.8,0.214,2.1,4.1,0.514,0.482,0.6,0.6,0.909,1.9,2.6,4.5,1,0.2,0.3,0.5,1.5,5.4
bouchch01,Boucher,Chris,2018,PF,25,GSW,1,0,1,0,1,0,0,1,0,0,0,,0,0,0,,0,1,1,0,0,0,0,0,0
bradlav01,Bradley,Avery,2018,SG,27,TOT,46,46,31.2,5.6,13.6,0.414,1.6,4.4,0.369,4,9.2,0.436,0.474,1.4,1.8,0.768,0.5,2,2.5,2,1.1,0.2,2.2,2,14.3
bradlav01,Bradley,Avery,2018,SG,27,DET,40,40,31.7,5.8,14.3,0.409,1.9,4.9,0.381,4,9.4,0.423,0.474,1.5,2,0.763,0.5,1.9,2.4,2.1,1.2,0.2,2.3,2,15
bradlav01,Bradley,Avery,2018,SG,27,LAC,6,6,27.5,4.3,9.2,0.473,0.2,1.5,0.111,4.2,7.7,0.543,0.482,0.3,0.3,1,0.5,3.2,3.7,1.8,0.8,0.2,1.3,2,9.2
bradlto01,Bradley,Tony,2018,C,20,UTA,9,0,3.2,0.3,1.2,0.273,0,0.1,0,0.3,1.1,0.3,0.273,0.2,0.2,1,0.4,0.8,1.2,0.1,0,0,0,0.1,0.9
breweco01,Brewer,Corey,2018,SF-SG,31,TOT,72,18,16.8,2,4.4,0.449,0.4,1.5,0.282,1.5,2.9,0.539,0.498,0.9,1.3,0.722,0.6,1.5,2.1,0.9,1.1,0.2,0.7,1.9,5.3
breweco01,Brewer,Corey,2018,SF,31,LAL,54,2,12.9,1.4,3.2,0.453,0.1,0.8,0.186,1.3,2.4,0.543,0.477,0.6,0.9,0.667,0.4,1.3,1.7,0.8,0.8,0.1,0.7,1.5,3.7
breweco01,Brewer,Corey,2018,SG,31,OKC,18,16,28.6,3.6,8,0.444,1.3,3.7,0.343,2.3,4.3,0.532,0.524,1.7,2.2,0.795,1.1,2.3,3.4,1.3,2.1,0.3,0.6,3.1,10.1
brogdma01,Brogdon,Malcolm,2018,PG,25,MIL,48,20,29.9,5.1,10.5,0.485,1.3,3.4,0.385,3.8,7.1,0.532,0.547,1.6,1.8,0.882,0.5,2.8,3.3,3.2,0.9,0.3,1.4,2.7,13
brookaa01,Brooks,Aaron,2018,PG,33,MIN,32,1,5.9,0.9,2.2,0.406,0.3,1,0.355,0.5,1.2,0.447,0.486,0.3,0.3,0.727,0.2,0.3,0.5,0.6,0.2,0,0.3,0.9,2.3
brookdi01,Brooks,Dillon,2018,SF,22,MEM,82,74,28.7,4.1,9.4,0.44,1.1,3.2,0.356,3,6.2,0.484,0.501,1.5,2,0.747,0.6,2.5,3.1,1.6,0.9,0.2,1.5,2.8,11
brookma01,Brooks,MarShon,2018,SG,29,MEM,7,1,27.6,7.3,14.6,0.5,2.7,4.6,0.594,4.6,10,0.457,0.593,2.9,3.3,0.87,1.1,1.9,3,3.6,1.6,0.4,2.3,0.9,20.1
brownan02,Brown,Anthony,2018,SF,25,MIN,1,0,4,1,1,1,1,1,1,0,0,,1.5,0,0,,0,0,0,1,0,0,0,0,3
brownbo02,Brown,Bobby,2018,PG,33,HOU,20,0,5.8,1,2.9,0.328,0.6,2,0.275,0.4,0.9,0.444,0.422,0.1,0.1,0.5,0,0.4,0.4,0.6,0.2,0,0.5,0.3,2.5
brownja02,Brown,Jaylen,2018,SG,21,BOS,70,70,30.7,5.3,11.5,0.465,1.7,4.4,0.395,3.6,7.1,0.507,0.54,2.1,3.3,0.644,0.9,4,4.9,1.6,1,0.4,1.8,2.6,14.5
brownlo01,Brown,Lorenzo,2018,PG,27,TOR,14,0,9.9,1,2.4,0.412,0.1,0.9,0.167,0.9,1.6,0.545,0.441,0.1,0.1,1,0.1,1,1.1,0.9,0.4,0,0.2,0.5,2.3
brownma02,Brown,Markel,2018,SG,26,HOU,4,0,7.8,0.5,1.8,0.286,0.3,1.3,0.2,0.3,0.5,0.5,0.357,0,0,,0.3,1,1.3,0.5,0,0,0.5,1.5,1.3
brownst02,Brown,Sterling,2018,SG,22,MIL,54,4,14.4,1.5,3.8,0.4,0.6,1.7,0.352,0.9,2.1,0.439,0.478,0.4,0.4,0.875,0.5,2.1,2.6,0.5,0.6,0.2,0.5,1.5,4
brussni01,Brussino,Nicolás,2018,SF,24,ATL,4,0,2.5,0,0.5,0,0,0.5,0,0,0,,0,0,0,,0,0.8,0.8,0,0,0,0,0,0
bryanth01,Bryant,Thomas,2018,C,20,LAL,15,0,4.8,0.5,1.4,0.381,0.1,0.7,0.1,0.5,0.7,0.636,0.405,0.3,0.6,0.556,0.2,0.9,1.1,0.4,0.1,0.1,0.1,0.4,1.5
bullore01,Bullock,Reggie,2018,SF,26,DET,62,52,27.9,4.3,8.8,0.489,2,4.5,0.445,2.3,4.3,0.536,0.603,0.6,0.8,0.796,0.4,2,2.5,1.5,0.8,0.2,0.8,1.1,11.3
burketr01,Burke,Trey,2018,PG,25,NYK,36,9,21.8,5.4,10.7,0.503,1.1,2.9,0.362,4.3,7.8,0.556,0.552,1,1.6,0.649,0.4,1.6,2,4.7,0.7,0.1,1.2,1.2,12.8
burksal01,Burks,Alec,2018,SG,26,UTA,64,1,16.5,2.7,6.5,0.411,0.7,2.2,0.331,1.9,4.3,0.452,0.467,1.7,1.9,0.863,0.3,2.7,3,1,0.6,0.1,0.9,1.2,7.7
butleji01,Butler,Jimmy,2018,SG,28,MIN,59,59,36.7,7.4,15.6,0.474,1.2,3.4,0.35,6.2,12.2,0.509,0.512,6.2,7.2,0.854,1.3,4,5.3,4.9,2,0.4,1.8,1.3,22.2
buyckdw01,Buycks,Dwight,2018,PG,28,DET,29,0,14.7,2.8,6.8,0.414,0.5,1.6,0.333,2.3,5.3,0.438,0.452,1.2,1.4,0.878,0.4,1,1.4,2,0.7,0.1,1.3,1.3,7.4
cabocbr01,Caboclo,Bruno,2018,SF,22,TOT,12,0,8.9,0.8,2.6,0.29,0.3,1.4,0.176,0.5,1.2,0.429,0.339,0.4,0.5,0.833,0.6,1.3,1.8,0.3,0.3,0.3,0.3,0.7,2.2
cabocbr01,Caboclo,Bruno,2018,SF,22,TOR,2,0,3.5,0,1,0,0,1,0,0,0,,0,0,0,,0,0.5,0.5,0.5,0.5,0,0,0.5,0
cabocbr01,Caboclo,Bruno,2018,SF,22,SAC,10,0,10,0.9,2.9,0.31,0.3,1.5,0.2,0.6,1.4,0.429,0.362,0.5,0.6,0.833,0.7,1.4,2.1,0.3,0.2,0.4,0.4,0.7,2.6
caldejo01,Calderón,José,2018,PG,36,CLE,57,32,16,1.6,3.2,0.503,0.8,1.7,0.464,0.8,1.5,0.545,0.624,0.4,0.5,0.8,0.2,1.2,1.5,2.1,0.5,0,0.7,1.4,4.5
caldwke01,Caldwell-Pope,Kentavious,2018,SG,24,LAL,74,74,33.2,4.6,10.8,0.426,2.1,5.6,0.383,2.4,5.2,0.473,0.526,2.1,2.6,0.789,0.8,4.4,5.2,2.2,1.4,0.2,1.3,2,13.4
canaais01,Canaan,Isaiah,2018,PG-SG,26,TOT,20,1,21.1,2.6,6.9,0.38,1.1,3.3,0.333,1.5,3.6,0.423,0.46,2.3,2.6,0.902,0.3,2,2.3,3.8,0.8,0.1,1.5,1.8,8.6
canaais01,Canaan,Isaiah,2018,SG,26,HOU,1,0,4,0,1,0,0,0,,0,1,0,0,0,0,,0,1,1,0,0,0,0,0,0
canaais01,Canaan,Isaiah,2018,PG,26,PHO,19,1,22,2.7,7.2,0.382,1.2,3.5,0.333,1.6,3.7,0.429,0.463,2.4,2.7,0.902,0.3,2,2.3,4,0.8,0.1,1.5,1.9,9.1
capelca01,Capela,Clint,2018,C,23,HOU,74,74,27.5,6,9.1,0.652,0,0,0,6,9.1,0.653,0.652,1.9,3.5,0.56,3.3,7.6,10.8,0.9,0.8,1.9,1.4,2.5,13.9
carrode01,Carroll,DeMarre,2018,PF,31,BRK,73,73,29.9,4.5,10.8,0.414,2,5.4,0.371,2.5,5.4,0.457,0.506,2.6,3.4,0.764,1.4,5.1,6.6,2,0.8,0.4,1.4,2.3,13.5
cartevi01,Carter,Vince,2018,SF,41,SAC,58,5,17.7,2,4.9,0.403,1,2.8,0.345,1,2,0.483,0.504,0.5,0.6,0.757,0.3,2.2,2.6,1.2,0.7,0.4,0.6,1.7,5.4
cartemi01,Carter-Williams,Michael,2018,PG,26,CHO,52,2,16.1,1.5,4.4,0.332,0.3,1.1,0.237,1.2,3.3,0.365,0.362,1.4,1.7,0.82,0.7,1.9,2.7,2.2,0.8,0.4,1,1.9,4.6
carusal01,Caruso,Alex,2018,PG,23,LAL,37,7,15.2,1.4,3.1,0.431,0.4,1.2,0.302,1,2,0.507,0.487,0.6,0.8,0.7,0.4,1.4,1.8,2,0.6,0.3,1.1,1.4,3.6
casspom01,Casspi,Omri,2018,SF,29,GSW,53,7,14,2.3,3.9,0.58,0.2,0.4,0.455,2.1,3.5,0.595,0.604,0.9,1.3,0.725,0.6,3.2,3.8,1,0.3,0.4,0.7,1.3,5.7
caulewi01,Cauley-Stein,Willie,2018,C,24,SAC,73,58,28,5.3,10.6,0.502,0,0.2,0.25,5.3,10.4,0.506,0.504,2.1,3.4,0.619,1.8,5.2,7,2.4,1.1,0.9,1.5,2.5,12.8
cavanty01,Cavanaugh,Tyler,2018,PF,23,ATL,39,1,13.3,1.7,3.9,0.441,0.8,2.3,0.36,0.9,1.6,0.556,0.546,0.4,0.5,0.81,1.2,2.1,3.3,0.7,0.2,0.1,0.4,1.6,4.7
chalmma01,Chalmers,Mario,2018,PG,31,MEM,66,10,21.5,2.5,6.7,0.379,0.8,2.9,0.277,1.7,3.8,0.456,0.439,1.8,2.1,0.855,0.2,2.2,2.4,3,1.2,0.2,1.8,2.7,7.7
chandty01,Chandler,Tyson,2018,C,35,PHO,46,46,25,2.6,4.1,0.647,0,0,,2.6,4.1,0.647,0.647,1.3,2,0.624,2.9,6.2,9.1,1.2,0.3,0.6,1.3,2.3,6.5
chandwi01,Chandler,Wilson,2018,SF,30,DEN,74,71,31.7,3.8,8.5,0.445,1.2,3.3,0.358,2.6,5.2,0.501,0.515,1.2,1.5,0.772,1.4,4,5.4,2.1,0.6,0.5,1.2,2.1,10
chrisma01,Chriss,Marquese,2018,PF,20,PHO,72,49,21.2,2.8,6.6,0.423,0.8,2.6,0.295,2,4,0.509,0.482,1.3,2.2,0.608,1.1,4.4,5.5,1.2,0.7,1,1.5,2.8,7.7
clarkia01,Clark,Ian,2018,SG,26,NOP,74,2,19.7,3,6.7,0.448,0.8,2.6,0.318,2.2,4.1,0.533,0.511,0.6,0.8,0.763,0.1,1.6,1.7,1.5,0.4,0.1,0.8,1.6,7.4
clarkjo01,Clarkson,Jordan,2018,SG,25,TOT,81,2,23.3,5.3,11.8,0.451,1.4,3.9,0.352,3.9,7.9,0.5,0.509,1.9,2.3,0.8,0.7,2,2.7,2.7,0.7,0.1,1.6,1.3,13.9
clarkjo01,Clarkson,Jordan,2018,SG,25,LAL,53,2,23.7,5.6,12.6,0.448,1.3,4,0.324,4.4,8.6,0.505,0.499,2,2.5,0.795,0.8,2.2,3,3.3,0.7,0.1,1.8,1.2,14.5
clarkjo01,Clarkson,Jordan,2018,SG,25,CLE,28,0,22.6,4.7,10.3,0.456,1.6,3.9,0.407,3.1,6.4,0.486,0.533,1.7,2.1,0.81,0.5,1.6,2.1,1.7,0.7,0.1,1.1,1.6,12.6
clavegi01,Clavell,Gian,2018,SG,24,DAL,7,0,9.1,0.9,2.6,0.333,0.9,2.1,0.4,0,0.4,0,0.5,0.3,0.3,1,0.1,0.9,1,0.4,0.3,0,0.3,1.1,2.9
clevean01,Cleveland,Antonius,2018,SG,23,TOT,17,0,7.2,0.5,1.2,0.381,0.2,0.2,0.75,0.3,1,0.294,0.452,0.2,0.4,0.667,0.2,0.6,0.8,0.1,0.4,0.3,0.4,1.4,1.4
clevean01,Cleveland,Antonius,2018,SG,23,DAL,13,0,6.2,0.3,1.1,0.286,0,0.1,0,0.3,1,0.308,0.286,0.2,0.3,0.5,0.2,0.6,0.8,0.2,0.5,0.3,0.2,0.8,0.8
clevean01,Cleveland,Antonius,2018,SG,23,ATL,4,0,10.5,1,1.8,0.571,0.8,0.8,1,0.3,1,0.25,0.786,0.5,0.5,1,0.3,0.8,1,0,0.3,0.3,1.3,3,3.3
collijo01,Collins,John,2018,PF,20,ATL,74,26,24.1,4.2,7.4,0.576,0.2,0.6,0.34,4,6.7,0.598,0.591,1.8,2.5,0.715,2.4,4.9,7.3,1.3,0.6,1.1,1.4,2.9,10.5
colliza01,Collins,Zach,2018,C,20,POR,66,1,15.8,1.7,4.4,0.398,0.5,1.7,0.31,1.2,2.7,0.455,0.458,0.4,0.6,0.643,0.7,2.7,3.3,0.8,0.3,0.5,0.9,2,4.4
colliky01,Collinsworth,Kyle,2018,SF,26,DAL,32,2,15,1.2,3.1,0.384,0.1,0.5,0.235,1.1,2.6,0.415,0.404,0.7,1.3,0.525,1,2.3,3.3,1.8,0.5,0.3,0.8,1.4,3.2
collida01,Collison,Darren,2018,PG,30,IND,69,64,29.2,4.6,9.2,0.495,1.4,3,0.468,3.2,6.3,0.508,0.571,1.8,2.1,0.882,0.5,2,2.6,5.3,1.3,0.2,1.2,1.8,12.4
collini01,Collison,Nick,2018,PF,37,OKC,15,0,5,0.9,1.3,0.684,0,0,,0.9,1.3,0.684,0.684,0.3,0.9,0.385,0.5,0.9,1.3,0.3,0,0,0.5,0.5,2.1
conlemi01,Conley,Mike,2018,PG,30,MEM,12,12,31.1,5.3,14,0.381,2,6.4,0.312,3.3,7.6,0.44,0.452,4.4,5.5,0.803,0,2.3,2.3,4.1,1,0.3,1.5,2,17.1
connapa01,Connaughton,Pat,2018,SG,25,POR,82,5,18.1,2,4.8,0.423,0.9,2.6,0.352,1.1,2.2,0.506,0.518,0.5,0.5,0.841,0.4,1.5,2,1.1,0.3,0.3,0.5,1.5,5.4
cookqu01,Cook,Quinn,2018,PG,24,GSW,33,18,22.4,3.7,7.6,0.484,1.4,3.2,0.442,2.3,4.5,0.514,0.575,0.7,0.8,0.88,0.3,2.2,2.5,2.7,0.4,0,1,1.8,9.5
cookech01,Cooke,Charles,2018,SG,23,NOP,13,0,2.9,0.2,1.1,0.143,0.1,0.6,0.125,0.1,0.5,0.167,0.179,0.1,0.2,0.5,0,0.2,0.2,0.1,0.1,0,0.1,0,0.5
cooleja01,Cooley,Jack,2018,PF,26,SAC,7,0,12.4,1.9,3.9,0.481,0,0,,1.9,3.9,0.481,0.481,2,2.7,0.737,2,2.3,4.3,0.9,0.1,0,0.4,1.9,5.7
costema01,Costello,Matt,2018,C,24,SAS,4,0,8,0.5,1,0.5,0,0,,0.5,1,0.5,0.5,0,0,,0.3,2,2.3,0.5,0.5,0.5,0.3,1.8,1
couside01,Cousins,DeMarcus,2018,C,27,NOP,48,48,36.2,8.5,18,0.47,2.2,6.1,0.354,6.3,11.9,0.53,0.53,6.1,8.2,0.746,2.2,10.7,12.9,5.4,1.6,1.6,5,3.8,25.2
covinro01,Covington,Robert,2018,SF,27,PHI,80,80,31.7,4.3,10.5,0.413,2.5,6.9,0.369,1.8,3.6,0.497,0.534,1.5,1.7,0.853,0.7,4.7,5.4,2,1.7,0.9,1.6,3,12.6
crabbal01,Crabbe,Allen,2018,SG,25,BRK,75,68,29.3,4.5,11,0.407,2.7,7.1,0.378,1.8,3.9,0.461,0.529,1.5,1.8,0.852,0.4,3.9,4.3,1.6,0.6,0.5,1,2.2,13.2
craigto01,Craig,Torrey,2018,SF,27,DEN,39,5,16.1,1.6,3.5,0.453,0.4,1.5,0.293,1.2,2,0.57,0.515,0.6,0.9,0.629,1,2.2,3.3,0.6,0.3,0.4,0.5,1.6,4.2
crawfja01,Crawford,Jamal,2018,SG,37,MIN,80,0,20.7,3.9,9.3,0.415,1.3,3.9,0.331,2.6,5.4,0.477,0.485,1.3,1.4,0.903,0.3,1,1.2,2.3,0.5,0.1,1.2,1.1,10.3
crawfjo02,Crawford,Jordan,2018,SG,29,NOP,5,0,10.6,2.4,5.4,0.444,1.6,2.8,0.571,0.8,2.6,0.308,0.593,0.2,0.2,1,0.4,0.4,0.8,2.6,0.2,0.2,1,1.4,6.6
crowdja01,Crowder,Jae,2018,SF,27,TOT,80,47,26.1,3.4,8.4,0.404,1.4,4.3,0.323,2,4.1,0.488,0.486,1.5,1.9,0.818,0.7,2.7,3.4,1.2,0.8,0.3,0.9,2.3,9.7
crowdja01,Crowder,Jae,2018,SF,27,CLE,53,47,25.4,3,7.1,0.418,1.2,3.6,0.328,1.8,3.5,0.508,0.5,1.5,1.7,0.848,0.8,2.5,3.3,1.1,0.8,0.2,0.8,2.3,8.6
crowdja01,Crowder,Jae,2018,SF,27,UTA,27,0,27.6,4.2,10.9,0.386,1.8,5.6,0.316,2.4,5.3,0.462,0.468,1.6,2.1,0.768,0.7,3.1,3.8,1.5,0.9,0.3,1.2,2.3,11.8
cunnida01,Cunningham,Dante,2018,SF,30,TOT,73,25,21.4,2.2,5,0.451,0.8,2.3,0.345,1.5,2.7,0.541,0.53,0.4,0.7,0.596,1.1,3,4.1,0.7,0.5,0.4,0.5,1.5,5.7
cunnida01,Cunningham,Dante,2018,SF,30,NOP,51,24,21.9,1.9,4.4,0.44,0.7,2.1,0.324,1.3,2.3,0.547,0.518,0.4,0.7,0.556,1,2.8,3.8,0.5,0.5,0.3,0.3,1.5,5
cunnida01,Cunningham,Dante,2018,SF,30,BRK,22,1,20.3,3,6.3,0.468,1,2.7,0.383,1.9,3.6,0.532,0.55,0.5,0.7,0.688,1.3,3.5,4.8,1,0.5,0.6,0.8,1.6,7.5
curryst01,Curry,Stephen,2018,PG,29,GSW,51,51,32,8.4,16.9,0.495,4.2,9.8,0.423,4.2,7.1,0.595,0.618,5.5,5.9,0.921,0.7,4.4,5.1,6.1,1.6,0.2,3,2.2,26.4
danietr01,Daniels,Troy,2018,SG,26,PHO,79,15,20.5,2.9,7.3,0.403,2.3,5.8,0.4,0.6,1.5,0.419,0.563,0.7,0.8,0.875,0.2,1.5,1.6,0.6,0.3,0.1,0.7,1.7,8.9
davisan02,Davis,Anthony,2018,PF,24,NOP,75,75,36.4,10.4,19.5,0.534,0.7,2.2,0.34,9.7,17.3,0.558,0.552,6.6,8,0.828,2.5,8.6,11.1,2.3,1.5,2.6,2.2,2.1,28.1
davisde01,Davis,Deyonta,2018,C,21,MEM,62,6,15.2,2.6,4.3,0.608,0,0,,2.6,4.3,0.608,0.608,0.6,0.9,0.667,1.2,2.8,4,0.6,0.2,0.6,0.5,2,5.8
davised01,Davis,Ed,2018,C,28,POR,78,0,18.9,2.2,3.7,0.582,0,0,0,2.2,3.7,0.584,0.582,0.9,1.4,0.667,2.3,5,7.4,0.5,0.4,0.7,0.8,2.4,5.3
dedmode01,Dedmon,Dewayne,2018,C,28,ATL,62,46,24.9,4,7.7,0.524,0.8,2.3,0.355,3.2,5.4,0.595,0.577,1.1,1.4,0.779,1.6,6.3,7.9,1.5,0.6,0.8,1.4,2.6,10
dekkesa01,Dekker,Sam,2018,PF,23,LAC,73,1,12.1,1.8,3.5,0.494,0.1,0.8,0.167,1.6,2.7,0.593,0.514,0.5,0.8,0.661,0.6,1.8,2.4,0.5,0.3,0.1,0.5,1,4.2
delanma01,Delaney,Malcolm,2018,PG,28,ATL,54,3,18.8,2,5.3,0.382,0.9,2.3,0.371,1.2,3,0.391,0.463,1.4,1.7,0.804,0.2,1.7,1.9,3,0.6,0.1,1.2,1.5,6.3
dellama01,Dellavedova,Matthew,2018,PG,27,MIL,38,3,18.7,1.4,4,0.362,0.8,2.1,0.372,0.7,1.9,0.351,0.457,0.7,0.7,0.926,0.4,1.3,1.7,3.8,0.4,0,1.3,1.8,4.3
denglu01,Deng,Luol,2018,SF,32,LAL,1,1,13,1,2,0.5,0,0,,1,2,0.5,0.5,0,0,,0,0,0,1,1,0,1,0,2
derozde01,DeRozan,DeMar,2018,SG,28,TOR,80,80,33.9,8.1,17.7,0.456,1.1,3.6,0.31,7,14.1,0.494,0.488,5.8,7,0.825,0.7,3.2,3.9,5.2,1.1,0.3,2.2,1.9,23
diallch01,Diallo,Cheick,2018,PF,21,NOP,52,0,11.2,2,3.4,0.58,0,0,,2,3.4,0.58,0.58,1,1.3,0.758,0.9,3.2,4.1,0.4,0.2,0.4,0.5,1.6,4.9
dienggo01,Dieng,Gorgui,2018,C,28,MIN,79,0,16.9,2.4,4.9,0.479,0.2,0.8,0.311,2.1,4.1,0.511,0.504,1,1.3,0.775,1.3,3.2,4.6,0.9,0.6,0.5,0.7,1.9,5.9
dinwisp01,Dinwiddie,Spencer,2018,PG,24,BRK,80,58,28.8,4.1,10.5,0.387,1.8,5.4,0.326,2.3,5.1,0.452,0.471,2.7,3.4,0.813,0.5,2.7,3.2,6.6,0.9,0.3,1.6,2.3,12.6
dorsety01,Dorsey,Tyler,2018,SG,21,ATL,56,5,17.4,2.6,6.8,0.377,1.3,3.6,0.362,1.3,3.3,0.393,0.471,0.8,1.1,0.714,0.3,2,2.3,1.4,0.3,0.1,0.7,1.1,7.2
dotsoda01,Dotson,Damyean,2018,SG,23,NYK,44,2,10.8,1.6,3.7,0.447,0.5,1.5,0.324,1.1,2.1,0.538,0.516,0.4,0.5,0.696,0.2,1.7,1.9,0.7,0.3,0,0.4,0.8,4.1
doylemi01,Doyle,Milton,2018,SG,24,BRK,10,0,12.5,1.3,4.7,0.277,0.4,2.3,0.174,0.9,2.4,0.375,0.319,0.4,0.8,0.5,0.3,1.5,1.8,1,0.6,0.2,0.2,1.3,3.4
doziepj01,Dozier,PJ,2018,PG,21,OKC,2,0,1.5,0.5,1,0.5,0,0,,0.5,1,0.5,0.5,0,0,,0,0.5,0.5,0,0,0,0.5,0.5,1
dragigo01,Dragić,Goran,2018,PG,31,MIA,75,75,31.7,6.5,14.3,0.45,1.5,4,0.37,5,10.3,0.481,0.502,2.9,3.6,0.801,0.7,3.4,4.1,4.8,0.8,0.2,2.2,2.4,17.3
drewla02,Drew,Larry,2018,PG,27,TOT,10,0,7,0.7,2.4,0.292,0.3,0.9,0.333,0.4,1.5,0.267,0.354,0,0,,0.3,0,0.3,1,0,0,0.3,0.6,1.7
drewla02,Drew,Larry,2018,PG,27,PHI,3,0,5,0.3,2.3,0.143,0,1,0,0.3,1.3,0.25,0.143,0,0,,0.3,0,0.3,0.7,0,0,0.3,0.7,0.7
drewla02,Drew,Larry,2018,PG,27,NOP,7,0,7.9,0.9,2.4,0.353,0.4,0.9,0.5,0.4,1.6,0.273,0.441,0,0,,0.3,0,0.3,1.1,0,0,0.3,0.6,2.1
drumman01,Drummond,Andre,2018,C,24,DET,78,78,33.7,6,11.3,0.529,0,0.1,0,6,11.2,0.536,0.529,3.1,5.1,0.605,5.1,10.9,16,3,1.5,1.6,2.6,3.2,15
dudleja01,Dudley,Jared,2018,PF,32,PHO,48,0,14.3,1,2.5,0.393,0.6,1.7,0.363,0.4,0.9,0.452,0.512,0.6,0.7,0.771,0.2,1.8,2,1.6,0.5,0.2,0.6,1.8,3.2
dunnkr01,Dunn,Kris,2018,PG,23,CHI,52,43,29.3,5.5,12.8,0.429,0.8,2.6,0.321,4.7,10.2,0.457,0.462,1.6,2.2,0.737,0.5,3.8,4.3,6,2,0.5,2.9,3.3,13.4
duranke01,Durant,Kevin,2018,SF,29,GSW,68,68,34.2,9.3,18,0.516,2.5,6.1,0.419,6.7,11.9,0.565,0.586,5.3,5.9,0.889,0.5,6.4,6.8,5.4,0.7,1.8,3,2,26.4
eddieja01,Eddie,Jarell,2018,SF,26,TOT,3,0,3,0,0.7,0,0,0.7,0,0,0,,0,0,0,,0,0.3,0.3,0,0.3,0,0,0,0
eddieja01,Eddie,Jarell,2018,SF,26,BOS,2,0,3,0,0.5,0,0,0.5,0,0,0,,0,0,0,,0,0.5,0.5,0,0.5,0,0,0,0
eddieja01,Eddie,Jarell,2018,SF,26,CHI,1,0,3,0,1,0,0,1,0,0,0,,0,0,0,,0,0,0,0,0,0,0,0,0
ellenhe01,Ellenson,Henry,2018,PF,21,DET,38,0,8.7,1.4,3.8,0.363,0.5,1.6,0.333,0.9,2.3,0.384,0.432,0.7,0.8,0.862,0.3,1.9,2.1,0.5,0.1,0,0.5,0.6,4
ellinwa01,Ellington,Wayne,2018,SG,30,MIA,77,2,26.5,3.7,9.1,0.407,2.9,7.5,0.392,0.8,1.6,0.479,0.569,0.9,1,0.859,0.3,2.5,2.8,1,0.7,0.1,0.7,1.2,11.2
embiijo01,Embiid,Joel,2018,C,23,PHI,63,63,30.3,8.1,16.8,0.483,1,3.4,0.308,7,13.4,0.527,0.514,5.7,7.4,0.769,2.3,8.7,11,3.2,0.6,1.8,3.7,3.3,22.9
ennisja01,Ennis,James,2018,SF,27,TOT,72,22,22.3,2.5,5.3,0.474,0.7,2.1,0.333,1.8,3.2,0.567,0.54,1.3,1.6,0.836,1,2.1,3.1,1,0.7,0.3,0.8,1.9,7.1
ennisja01,Ennis,James,2018,SF,27,MEM,45,14,23.4,2.4,4.9,0.486,0.7,1.9,0.357,1.7,3.1,0.565,0.554,1.4,1.6,0.877,1.2,2.3,3.5,1.1,0.7,0.3,0.8,1.8,6.9
ennisja01,Ennis,James,2018,SF,27,DET,27,8,20.4,2.7,6,0.457,0.8,2.6,0.304,2,3.4,0.57,0.522,1.2,1.6,0.767,0.7,1.7,2.5,0.8,0.6,0.2,0.7,2,7.5
ennisty01,Ennis,Tyler,2018,PG,23,LAL,54,11,12.6,1.7,4.1,0.42,0.3,1,0.25,1.5,3.1,0.476,0.451,0.4,0.5,0.759,0.4,1.4,1.8,1.9,0.6,0.2,0.7,1.4,4.1
evansja01,Evans,Jawun,2018,PG,21,LAC,48,4,16.2,1.9,5.3,0.352,0.3,1.1,0.278,1.5,4.1,0.372,0.381,0.8,1,0.776,0.2,1.6,1.8,2.1,0.8,0.1,0.9,2,4.8
evansje01,Evans,Jeremy,2018,SF,30,ATL,1,0,5,1,1,1,0,0,,1,1,1,1,0,0,,1,0,1,0,0,0,1,1,2
evansty01,Evans,Tyreke,2018,PG,28,MEM,52,32,30.9,7,15.6,0.452,2.2,5.5,0.399,4.8,10.1,0.482,0.523,3.2,4,0.785,0.8,4.3,5.1,5.2,1.1,0.3,2.3,1.8,19.4
exumda01,Exum,Dante,2018,PG,22,UTA,14,0,16.8,3,6.2,0.483,0.4,1.3,0.278,2.6,4.9,0.536,0.511,1.8,2.2,0.806,0.3,1.6,1.9,3.1,0.6,0.2,1.4,1.4,8.1
farieke01,Faried,Kenneth,2018,PF,28,DEN,32,7,14.4,2.4,4.6,0.514,0,0,0,2.4,4.6,0.517,0.514,1.1,1.6,0.706,2.1,2.7,4.8,0.6,0.4,0.4,0.7,1.6,5.9
favorde01,Favors,Derrick,2018,C,26,UTA,77,77,28,5.1,9.1,0.563,0.2,0.8,0.222,4.9,8.3,0.596,0.573,1.8,2.8,0.651,2.6,4.6,7.2,1.3,0.7,1.1,1.1,2.1,12.3
feldeka01,Felder,Kay,2018,PG,22,TOT,16,0,8.8,1.3,4.4,0.3,0.3,1.2,0.211,1.1,3.2,0.333,0.329,0.7,0.8,0.917,0.2,0.9,1.1,1.3,0.2,0.1,1,0.7,3.6
feldeka01,Felder,Kay,2018,PG,22,CHI,14,0,9.6,1.4,4.7,0.303,0.3,1.3,0.222,1.1,3.4,0.333,0.333,0.8,0.9,0.917,0.1,0.9,1,1.4,0.2,0.1,1.1,0.8,3.9
feldeka01,Felder,Kay,2018,PG,22,DET,2,0,3,0.5,2,0.25,0,0.5,0,0.5,1.5,0.333,0.25,0,0,,1,1,2,0,0,0,0.5,0,1
feliccr01,Felício,Cristiano,2018,C,25,CHI,55,16,17.8,2.3,3.9,0.591,0,0,0,2.3,3.9,0.596,0.591,1,1.5,0.667,1.5,2.7,4.2,1,0.3,0.2,1,1.9,5.6
feltora01,Felton,Raymond,2018,PG,33,OKC,82,2,16.6,2.7,6.7,0.406,1,2.8,0.352,1.7,3.9,0.444,0.479,0.4,0.5,0.818,0.3,1.6,1.9,2.5,0.6,0.2,0.9,1.1,6.9
fergute01,Ferguson,Terrance,2018,SG,19,OKC,61,12,12.5,1.1,2.8,0.414,0.7,2,0.333,0.5,0.8,0.612,0.533,0.1,0.2,0.9,0.3,0.5,0.8,0.3,0.4,0.2,0.2,1.4,3.1
ferreyo01,Ferrell,Yogi,2018,SG,24,DAL,82,21,27.8,3.8,8.9,0.426,1.6,4.4,0.373,2.2,4.5,0.477,0.518,1,1.3,0.796,0.3,2.7,3,2.5,0.8,0.1,1,1.9,10.2
finnedo01,Finney-Smith,Dorian,2018,PF,24,DAL,21,13,21.3,2.2,5.8,0.38,1,3.2,0.299,1.2,2.6,0.481,0.463,0.5,0.7,0.733,1,2.5,3.6,1.2,0.5,0.2,1,2,5.9
forbebr01,Forbes,Bryn,2018,SG,24,SAS,80,12,19,2.6,6.2,0.421,1.1,2.9,0.39,1.5,3.4,0.446,0.51,0.6,0.9,0.667,0.2,1.2,1.4,1,0.4,0,0.5,1.4,6.9
fournev01,Fournier,Evan,2018,SF,25,ORL,57,57,32.2,6.5,14.1,0.459,2.2,5.9,0.379,4.2,8.2,0.516,0.538,2.6,3,0.867,0.4,2.8,3.2,2.9,0.8,0.3,1.7,2.4,17.8
foxde01,Fox,De'Aaron,2018,PG,20,SAC,73,60,27.8,4.5,10.9,0.412,0.6,2.1,0.307,3.8,8.8,0.436,0.441,1.9,2.7,0.723,0.5,2.3,2.8,4.4,1,0.3,2.4,2.2,11.6
fraziti01,Frazier,Tim,2018,PG,27,WAS,59,11,14.2,1.2,2.9,0.395,0.3,0.9,0.304,0.9,2,0.44,0.445,0.4,0.5,0.767,0.3,1.6,1.9,3.3,0.8,0.1,1,1.6,3
fryech01,Frye,Channing,2018,C,34,TOT,53,1,13.1,2,4,0.491,0.7,2.2,0.339,1.2,1.8,0.67,0.583,0.3,0.4,0.895,0.2,2.3,2.5,0.7,0.3,0.2,0.4,1.3,5
fryech01,Frye,Channing,2018,C,34,CLE,44,1,12.4,1.9,3.8,0.497,0.7,2,0.333,1.2,1.8,0.684,0.586,0.3,0.3,0.933,0.2,2.3,2.5,0.6,0.4,0.3,0.4,1.2,4.8
fryech01,Frye,Channing,2018,C,34,LAL,9,0,16.7,2.2,4.8,0.465,1,2.8,0.36,1.2,2,0.611,0.57,0.3,0.4,0.75,0.2,2.6,2.8,1.1,0.1,0.1,0.4,1.7,5.8
fultzma01,Fultz,Markelle,2018,SG,19,PHI,14,0,18.1,3.2,7.9,0.405,0,0.1,0,3.2,7.9,0.409,0.405,0.7,1.5,0.476,0.8,2.3,3.1,3.8,0.9,0.3,1.2,1.6,7.1
gallida01,Gallinari,Danilo,2018,SF,29,LAC,21,21,32,4.9,12.2,0.398,1.7,5.3,0.324,3.1,6.9,0.455,0.469,3.9,4.1,0.931,0.4,4.4,4.8,2,0.6,0.5,1.2,1.4,15.3
gallola01,Galloway,Langston,2018,SG,26,DET,58,2,14.9,2.2,5.9,0.371,1.3,3.8,0.344,0.9,2.1,0.418,0.481,0.6,0.7,0.805,0.2,1.4,1.6,1,0.6,0.1,0.3,0.7,6.2
gasolma01,Gasol,Marc,2018,C,33,MEM,73,73,33,5.9,14.2,0.42,1.5,4.4,0.341,4.5,9.8,0.456,0.473,3.8,4.6,0.834,1.1,7,8.1,4.2,0.7,1.4,2.7,2.5,17.2
gasolpa01,Gasol,Pau,2018,C,37,SAS,77,63,23.5,3.7,8.1,0.458,0.6,1.6,0.358,3.2,6.6,0.481,0.492,2.1,2.7,0.756,1.7,6.4,8,3.1,0.3,1,1.4,1.6,10.1
gayru01,Gay,Rudy,2018,PF,31,SAS,57,6,21.6,4.4,9.4,0.471,0.6,2.1,0.314,3.8,7.4,0.516,0.506,2,2.5,0.772,1.3,3.8,5.1,1.3,0.8,0.7,1.4,1.7,11.5
georgpa01,George,Paul,2018,SF,27,OKC,79,79,36.6,7.3,17,0.43,3.1,7.7,0.401,4.2,9.3,0.454,0.521,4.3,5.2,0.822,0.9,4.7,5.7,3.3,2,0.5,2.7,2.9,21.9
georgma01,Georges-Hunt,Marcus,2018,SG,23,MIN,42,0,5.3,0.5,1.1,0.438,0.1,0.4,0.267,0.4,0.8,0.515,0.479,0.3,0.5,0.619,0.2,0.2,0.4,0.2,0.1,0,0.1,0.8,1.4
gibsojo01,Gibson,Jonathan,2018,PG,30,BOS,4,0,10,3.5,5.8,0.609,1.5,3,0.5,2,2.8,0.727,0.739,0,0,,0,0.8,0.8,1,0,0,0.8,1.3,8.5
gibsota01,Gibson,Taj,2018,PF,32,MIN,82,82,33.2,5.2,9,0.577,0.1,0.4,0.2,5.1,8.6,0.595,0.581,1.7,2.3,0.768,2.4,4.8,7.1,1.2,0.8,0.7,1.1,2.7,12.2
ginobma01,Ginóbili,Manu,2018,SG,40,SAS,65,0,20,3.1,7.1,0.434,1,3,0.333,2.1,4.2,0.506,0.503,1.7,2,0.84,0.3,1.9,2.2,2.5,0.7,0.2,1.6,1.9,8.9
goberru01,Gobert,Rudy,2018,C,25,UTA,56,56,32.4,4.9,7.9,0.622,0,0,,4.9,7.9,0.622,0.622,3.6,5.3,0.682,2.9,7.8,10.7,1.4,0.8,2.3,1.9,2.7,13.5
gordoaa01,Gordon,Aaron,2018,PF,22,ORL,58,57,32.9,6.5,14.9,0.434,2,5.9,0.336,4.5,9,0.497,0.5,2.7,3.9,0.698,1.5,6.4,7.9,2.3,1,0.8,1.8,1.9,17.6
gordoer01,Gordon,Eric,2018,SG,29,HOU,69,30,31.2,6,14.1,0.428,3.2,8.8,0.359,2.9,5.2,0.544,0.54,2.8,3.5,0.809,0.4,2.1,2.5,2.2,0.6,0.4,1.9,1.7,18
gortama01,Gortat,Marcin,2018,C,33,WAS,82,82,25.3,3.5,6.8,0.518,0,0,,3.5,6.8,0.518,0.518,1.3,2,0.675,2.2,5.4,7.6,1.8,0.5,0.7,1.2,2.1,8.4
grahatr01,Graham,Treveon,2018,SG,24,CHO,63,2,16.7,1.5,3.5,0.434,0.6,1.5,0.412,0.9,2,0.452,0.525,0.7,0.9,0.695,0.7,1.3,1.9,0.9,0.5,0,0.4,1.7,4.3
grantje01,Grant,Jerami,2018,PF,23,OKC,81,1,20.3,3,5.6,0.535,0.4,1.4,0.291,2.6,4.3,0.613,0.57,2,3,0.675,1.1,2.9,3.9,0.7,0.4,1,0.7,1.9,8.4
grantje02,Grant,Jerian,2018,PG,25,CHI,74,26,22.8,2.8,6.8,0.416,0.8,2.5,0.326,2,4.3,0.468,0.476,1.9,2.5,0.745,0.4,1.9,2.3,4.6,0.9,0.1,1.2,1.8,8.4
grayjo01,Gray,Josh,2018,PG,24,PHO,5,0,17.2,2.2,8.2,0.268,0.6,2.6,0.231,1.6,5.6,0.286,0.305,1.4,2.2,0.636,0.4,1.6,2,2.4,1.6,0.4,1.4,1.6,6.4
greenda02,Green,Danny,2018,SG,30,SAS,70,60,25.6,3.1,8,0.387,1.7,4.6,0.363,1.4,3.4,0.419,0.49,0.7,0.9,0.769,0.6,3,3.6,1.6,0.9,1.1,1.1,1.7,8.6
greendr01,Green,Draymond,2018,PF,27,GSW,70,70,32.7,4,8.8,0.454,1.1,3.7,0.301,2.9,5.2,0.562,0.516,1.9,2.5,0.775,1.1,6.6,7.6,7.3,1.4,1.3,2.9,2.6,11
greenge01,Green,Gerald,2018,SG,32,HOU,41,2,22.7,4.1,10.1,0.407,2.7,7.3,0.369,1.4,2.8,0.504,0.54,1.2,1.5,0.85,0.4,2.9,3.2,0.6,0.6,0.4,0.8,2.1,12.1
greenja01,Green,JaMychal,2018,PF,27,MEM,55,54,28,4.1,8.9,0.457,0.8,2.3,0.339,3.3,6.6,0.499,0.501,1.5,2,0.721,2.7,5.8,8.4,1.4,0.6,0.5,1.4,2.8,10.3
greenje02,Green,Jeff,2018,PF,31,CLE,78,13,23.4,3.8,7.9,0.477,0.7,2.2,0.312,3.1,5.7,0.54,0.52,2.6,3,0.868,0.8,2.4,3.2,1.3,0.5,0.4,1,1.9,10.8
griffbl01,Griffin,Blake,2018,PF,28,TOT,58,58,34,7.5,17.2,0.438,1.9,5.6,0.345,5.6,11.6,0.482,0.493,4.5,5.7,0.785,1.3,6.1,7.4,5.8,0.7,0.3,2.8,2.4,21.4
griffbl01,Griffin,Blake,2018,PF,28,LAC,33,33,34.5,7.7,17.5,0.441,1.9,5.7,0.342,5.8,11.8,0.488,0.497,5.2,6.6,0.785,1.4,6.5,7.9,5.4,0.9,0.3,3,2.4,22.6
griffbl01,Griffin,Blake,2018,PF,28,DET,25,25,33.2,7.2,16.7,0.433,1.9,5.4,0.348,5.4,11.3,0.473,0.489,3.5,4.4,0.784,1.1,5.6,6.6,6.2,0.4,0.4,2.6,2.4,19.8
hamilda02,Hamilton,Daniel,2018,SG,22,OKC,6,0,4.7,0.8,1.8,0.455,0.3,0.8,0.4,0.5,1,0.5,0.545,0,0,,0,0.8,0.8,1.3,0.2,0,0.3,0.3,2
hardati02,Hardaway,Tim,2018,SG,25,NYK,57,54,33.1,6.3,15,0.421,2.3,7.2,0.317,4,7.8,0.516,0.496,2.6,3.1,0.816,0.6,3.4,3.9,2.7,1.1,0.2,1.6,2.2,17.5
hardeja01,Harden,James,2018,SG,28,HOU,72,72,35.4,9,20.1,0.449,3.7,10,0.367,5.4,10.1,0.531,0.541,8.7,10.1,0.858,0.6,4.8,5.4,8.8,1.8,0.7,4.4,2.3,30.4
harklma01,Harkless,Maurice,2018,SF,24,POR,59,36,21.4,2.5,5,0.495,0.8,2,0.415,1.7,3,0.547,0.577,0.7,1,0.712,0.8,2,2.7,0.9,0.8,0.7,0.7,1.7,6.5
harremo01,Harrell,Montrezl,2018,C,24,LAC,76,3,17,4.6,7.2,0.635,0,0.1,0.143,4.6,7.1,0.641,0.636,1.8,2.9,0.626,1.4,2.7,4,1,0.5,0.7,0.9,1.9,11
harride01,Harris,Devin,2018,PG,34,TOT,71,1,18.9,2.6,6.4,0.412,1.1,3.2,0.348,1.5,3.2,0.476,0.499,2,2.4,0.835,0.2,1.6,1.8,2.1,0.7,0.2,1.1,2.2,8.4
harride01,Harris,Devin,2018,PG,34,DAL,44,1,18.3,2.7,6.5,0.415,1,2.8,0.352,1.7,3.6,0.465,0.493,2.1,2.5,0.83,0.2,1.7,1.9,1.9,0.8,0.2,1.1,2.3,8.5
harride01,Harris,Devin,2018,PG,34,DEN,27,0,19.7,2.6,6.3,0.406,1.3,3.8,0.343,1.3,2.5,0.5,0.509,1.8,2.1,0.845,0.1,1.4,1.6,2.5,0.5,0.1,1,2,8.2
harriga01,Harris,Gary,2018,SG,23,DEN,67,65,34.4,6.6,13.6,0.485,2.3,5.9,0.396,4.2,7.7,0.553,0.57,2,2.4,0.827,0.6,2.1,2.6,2.9,1.8,0.2,1.8,1.8,17.5
harrijo01,Harris,Joe,2018,SG,26,BRK,78,14,25.3,3.9,8,0.491,1.9,4.6,0.419,2,3.4,0.589,0.612,1.1,1.3,0.827,0.7,2.7,3.3,1.6,0.4,0.3,1.2,2,10.8
harrito02,Harris,Tobias,2018,PF,25,TOT,80,80,33.4,7,15.3,0.46,2.3,5.6,0.411,4.7,9.7,0.488,0.535,2.2,2.7,0.829,0.7,4.7,5.5,2.4,0.9,0.4,1.3,2.1,18.6
harrito02,Harris,Tobias,2018,PF,25,DET,48,48,32.6,6.7,14.8,0.451,2.4,5.8,0.409,4.3,9,0.478,0.531,2.4,2.8,0.846,0.8,4.3,5.1,2,0.7,0.3,1.1,1.9,18.1
harrito02,Harris,Tobias,2018,PF,25,LAC,32,32,34.5,7.6,16,0.473,2.2,5.3,0.414,5.4,10.7,0.501,0.541,2,2.5,0.8,0.7,5.3,6,3.1,1.2,0.6,1.7,2.3,19.3
harriaa01,Harrison,Aaron,2018,SG,23,DAL,9,3,25.9,2.1,7.7,0.275,1,4.8,0.209,1.1,2.9,0.385,0.341,1.4,1.9,0.765,0.4,2.2,2.7,1.2,1,0.2,0.3,3,6.7
harrian01,Harrison,Andrew,2018,PG,23,MEM,56,46,23.7,3.2,7.7,0.422,0.8,2.5,0.331,2.4,5.1,0.467,0.477,2.2,2.8,0.78,0.4,1.9,2.3,3.2,0.7,0.5,1.4,2.5,9.5
harrish01,Harrison,Shaquille,2018,PG,24,PHO,23,2,16.7,2.6,5.4,0.476,0.3,1.1,0.231,2.3,4.3,0.541,0.5,1.2,1.7,0.737,0.4,2.3,2.7,2.4,1.1,0.3,1,1.8,6.6
hartjo01,Hart,Josh,2018,SG,22,LAL,63,23,23.2,2.8,6,0.469,1.2,3.1,0.396,1.6,2.8,0.551,0.573,1,1.5,0.702,0.7,3.5,4.2,1.3,0.7,0.3,0.7,1.7,7.9
hasleud01,Haslem,Udonis,2018,C,37,MIA,14,0,5.1,0.2,1.1,0.2,0.1,0.6,0.125,0.1,0.5,0.286,0.233,0.1,0.1,0.5,0.2,0.5,0.7,0.4,0,0.1,0.1,0.2,0.6
hayesni01,Hayes,Nigel,2018,SF,23,TOT,9,0,13.6,1.2,3.7,0.333,0.4,1.8,0.25,0.8,1.9,0.412,0.394,0.1,0.3,0.333,0.4,2,2.4,0.7,0.2,0.3,0.2,0.9,3
hayesni01,Hayes,Nigel,2018,SF,23,LAL,2,0,5.5,0.5,1.5,0.333,0,1,0,0.5,0.5,1,0.333,0.5,0.5,1,0,0,0,1,0,0,0,0,1.5
hayesni01,Hayes,Nigel,2018,SF,23,TOR,2,0,3,1,1,1,1,1,1,0,0,,1.5,0,0,,0,0,0,0,0,0,0.5,0,3
hayesni01,Hayes,Nigel,2018,SF,23,SAC,5,0,21,1.6,5.6,0.286,0.4,2.4,0.167,1.2,3.2,0.375,0.321,0,0.4,0,0.8,3.6,4.4,0.8,0.4,0.6,0.2,1.6,3.6
haywago01,Hayward,Gordon,2018,SF,27,BOS,1,1,5,1,2,0.5,0,1,0,1,1,1,0.5,0,0,,0,1,1,0,0,0,0,1,2
hearnre01,Hearn,Reggie,2018,SG,26,DET,3,0,2.3,0.3,0.7,0.5,0.3,0.7,0.5,0,0,,0.75,0,0,,0,0,0,0,0,0,0,0,1
henrymy01,Henry,Myke,2018,SF,25,MEM,20,0,18.9,2.1,5.5,0.376,1,2.9,0.328,1.1,2.6,0.431,0.463,0.3,0.5,0.6,0.5,1.4,1.9,1.1,1.6,0.3,1,1.4,5.4
hensojo01,Henson,John,2018,C,27,MIL,76,69,25.9,3.8,6.6,0.572,0,0.1,0.143,3.8,6.5,0.578,0.573,1.2,2.1,0.57,2,4.8,6.8,1.5,0.6,1.4,1.1,2.7,8.8
hernaju01,Hernangómez,Juan,2018,PF,22,DEN,25,3,11.1,1.2,3,0.387,0.6,2,0.28,0.6,1,0.6,0.48,0.4,0.5,0.833,0.7,1.4,2.2,0.5,0.2,0.1,0.4,1,3.3
hernawi01,Hernangómez,Willy,2018,C,23,TOT,48,1,10.3,1.9,3.4,0.555,0.1,0.3,0.417,1.8,3.2,0.566,0.57,1.2,1.9,0.656,1.3,2.5,3.8,0.7,0.4,0.3,0.7,1.3,5.1
hernawi01,Hernangómez,Willy,2018,C,23,NYK,26,0,9,1.9,3.1,0.605,0,0.2,0.2,1.8,2.9,0.632,0.611,0.5,1.1,0.429,0.8,1.7,2.6,0.8,0.3,0.3,1,1.2,4.3
hernawi01,Hernangómez,Willy,2018,C,23,CHO,22,1,11.9,1.9,3.8,0.506,0.2,0.3,0.571,1.7,3.5,0.5,0.53,2.1,2.8,0.758,1.8,3.5,5.3,0.5,0.5,0.4,0.4,1.5,6.1
hezonma01,Hezonja,Mario,2018,SF,22,ORL,75,30,22.1,3.6,8.2,0.442,1.2,3.6,0.337,2.4,4.7,0.523,0.515,1.1,1.4,0.819,0.5,3.2,3.7,1.4,1.1,0.4,1.1,1.8,9.6
hicksis01,Hicks,Isaiah,2018,PF,23,NYK,18,0,13.3,1.8,4,0.458,0.1,0.5,0.222,1.7,3.5,0.492,0.472,0.7,1,0.667,0.6,1.7,2.3,0.9,0.1,0.2,0.9,2.5,4.4
hieldbu01,Hield,Buddy,2018,SG,25,SAC,80,12,25.3,5.2,11.7,0.446,2.2,5.1,0.431,3,6.6,0.457,0.54,0.9,1,0.877,0.7,3.2,3.8,1.9,1.1,0.3,1.6,1.9,13.5
hilarne01,Hilário,Nenê,2018,C,35,HOU,52,4,14.6,2.6,4.6,0.569,0,0,0,2.6,4.6,0.574,0.569,1.3,2.1,0.636,1,2.3,3.4,0.9,0.5,0.3,0.7,2.4,6.5
hillge01,Hill,George,2018,PG,31,TOT,67,60,27,3.5,7.7,0.46,1.3,3.1,0.415,2.3,4.6,0.49,0.543,1.6,2.1,0.786,0.6,2.1,2.7,2.8,0.9,0.4,1.3,1.9,10
hillge01,Hill,George,2018,PG,31,SAC,43,36,26.6,3.6,7.6,0.469,1.3,3,0.453,2.2,4.6,0.48,0.558,1.8,2.3,0.778,0.5,2.2,2.7,2.8,0.9,0.3,1.4,1.7,10.3
hillge01,Hill,George,2018,PG,31,CLE,24,24,27.9,3.5,7.8,0.444,1.1,3.2,0.351,2.3,4.6,0.509,0.516,1.4,1.7,0.805,0.8,1.8,2.7,2.8,0.9,0.6,1.2,2.2,9.4
hillso01,Hill,Solomon,2018,SF,26,NOP,12,1,15.6,0.9,3.4,0.268,0.3,1.8,0.19,0.6,1.7,0.35,0.317,0.3,0.5,0.5,0.8,2.3,3,1.8,0.6,0.1,0.8,1.8,2.4
hillida01,Hilliard,Darrun,2018,SG,24,SAS,14,0,6.8,0.4,1.4,0.263,0,0.4,0,0.4,0.9,0.385,0.263,0.4,0.5,0.857,0,0.5,0.5,0.8,0.1,0,0.3,0.5,1.1
holidjr01,Holiday,Jrue,2018,SG,27,NOP,81,81,36.1,7.6,15.4,0.494,1.5,4.4,0.337,6.1,11,0.557,0.543,2.3,2.9,0.786,0.8,3.7,4.5,6,1.5,0.8,2.6,2.5,19
holidju01,Holiday,Justin,2018,SG,28,CHI,72,72,31.5,4,10.9,0.371,2.2,6.2,0.359,1.8,4.6,0.387,0.474,1.9,2.3,0.823,0.4,3.6,4,2.1,1.1,0.4,1.3,1.9,12.2
hollajo02,Holland,John,2018,SF,29,CLE,24,0,7.3,0.7,2.5,0.288,0.5,1.5,0.306,0.3,1,0.261,0.381,0.4,0.5,0.692,0.3,0.8,1,0.2,0.3,0.1,0.3,0.4,2.3
holliro01,Hollis-Jefferson,Rondae,2018,SF,23,BRK,68,59,28.2,5,10.6,0.472,0.2,0.8,0.241,4.8,9.9,0.491,0.481,3.7,4.6,0.788,1.5,5.3,6.8,2.5,1,0.7,1.8,2.1,13.9
holmeri01,Holmes,Richaun,2018,C,24,PHI,48,2,15.5,2.8,5,0.56,0.1,0.6,0.129,2.7,4.4,0.624,0.568,0.8,1.2,0.661,1.2,3.2,4.4,1.3,0.4,0.6,0.5,2,6.5
hoodro01,Hood,Rodney,2018,SG,25,TOT,60,23,26.9,5.4,12.5,0.429,2.1,5.6,0.381,3.3,7,0.467,0.513,1.9,2.2,0.86,0.4,2.4,2.8,1.6,0.8,0.2,1.2,1.8,14.7
hoodro01,Hood,Rodney,2018,SG,25,UTA,39,12,27.8,6,14.2,0.424,2.6,6.7,0.389,3.4,7.4,0.455,0.516,2.2,2.5,0.876,0.4,2.5,2.8,1.7,0.8,0.2,1.6,1.6,16.8
hoodro01,Hood,Rodney,2018,SG,25,CLE,21,11,25.3,4.2,9.5,0.442,1.2,3.4,0.352,3,6.1,0.492,0.505,1.2,1.5,0.813,0.4,2.2,2.6,1.4,0.7,0.2,0.3,2,10.8
hopsosc01,Hopson,Scotty,2018,SG,28,DAL,1,0,8,0,1,0,0,0,,0,1,0,0,1,2,0.5,0,0,0,1,0,0,1,0,1
horfoal01,Horford,Al,2018,C,31,BOS,72,72,31.6,5.1,10.5,0.489,1.3,3.1,0.429,3.8,7.3,0.514,0.553,1.3,1.7,0.783,1.4,5.9,7.4,4.7,0.6,1.1,1.8,1.9,12.9
houseda01,House,Danuel,2018,SG,24,PHO,23,3,17.5,2.4,5.6,0.434,0.7,2.5,0.259,1.8,3.1,0.577,0.492,1.1,1.3,0.806,0.6,2.7,3.3,1.1,0.3,0.3,0.5,1,6.6
howardw01,Howard,Dwight,2018,C,32,CHO,81,81,30.4,6.2,11.2,0.555,0,0.1,0.143,6.2,11.2,0.559,0.556,4.1,7.2,0.574,3.1,9.3,12.5,1.3,0.6,1.6,2.6,3.1,16.6
huestjo01,Huestis,Josh,2018,PF,26,OKC,69,10,14.2,0.9,2.6,0.33,0.5,1.7,0.287,0.4,1,0.403,0.42,0.1,0.3,0.3,0.6,1.7,2.3,0.3,0.2,0.6,0.4,1.2,2.3
hunterj01,Hunter,R.J.,2018,SG,24,HOU,5,1,9,1.4,4,0.35,0.6,2.8,0.214,0.8,1.2,0.667,0.425,0.4,0.4,1,0,1,1,0.6,0.6,0,0.4,1.4,3.8
huntevi01,Hunter,Vince,2018,PF,23,MEM,4,0,1.8,0.8,1.3,0.6,0,0,,0.8,1.3,0.6,0.6,0,0,,0.5,0.3,0.8,0,0,0.3,0.3,0,1.5
ibakase01,Ibaka,Serge,2018,PF,28,TOR,76,76,27.5,5,10.3,0.483,1.4,3.9,0.36,3.6,6.4,0.559,0.552,1.2,1.6,0.797,1,5.3,6.3,0.8,0.4,1.3,1.2,2.8,12.6
iguodan01,Iguodala,Andre,2018,SF,34,GSW,64,7,25.3,2.3,5,0.463,0.5,1.8,0.282,1.8,3.2,0.567,0.514,0.9,1.4,0.632,0.8,3.1,3.8,3.3,0.8,0.6,1,1.5,6
ilyaser01,İlyasova,Ersan,2018,PF,30,TOT,69,43,25.1,4,8.9,0.452,1.3,3.7,0.36,2.7,5.2,0.517,0.526,1.5,2,0.778,1.7,4.2,5.9,1.3,0.9,0.4,1,2.3,10.9
ilyaser01,İlyasova,Ersan,2018,PF,30,ATL,46,40,25.5,4,8.7,0.459,1.3,3.7,0.359,2.7,5,0.532,0.535,1.6,2,0.8,1.6,3.8,5.5,1.1,1,0.4,0.9,2,10.9
ilyaser01,İlyasova,Ersan,2018,PF,30,PHI,23,3,24.1,4,9.2,0.439,1.3,3.6,0.361,2.7,5.6,0.488,0.509,1.4,2,0.733,1.9,4.8,6.7,1.7,0.7,0.4,1.3,2.8,10.8
inglejo01,Ingles,Joe,2018,SF,30,UTA,82,81,31.4,4.1,8.8,0.467,2.5,5.7,0.44,1.6,3.1,0.516,0.609,0.8,1,0.795,0.3,3.9,4.2,4.8,1.1,0.2,1.9,2.2,11.5
ingraan01,Ingram,Andre,2018,SG,32,LAL,2,0,32,4,8.5,0.471,2.5,4.5,0.556,1.5,4,0.375,0.618,1.5,1.5,1,0.5,2.5,3,3.5,1.5,1.5,1.5,1.5,12
ingrabr01,Ingram,Brandon,2018,SF,20,LAL,59,59,33.5,6.1,12.9,0.47,0.7,1.8,0.39,5.4,11.1,0.483,0.497,3.3,4.8,0.681,1,4.4,5.3,3.9,0.8,0.7,2.5,2.8,16.1
irvinky01,Irving,Kyrie,2018,PG,25,BOS,60,60,32.2,8.9,18.1,0.491,2.8,6.8,0.408,6.1,11.3,0.541,0.568,3.9,4.4,0.889,0.6,3.2,3.8,5.1,1.1,0.3,2.3,2,24.4
isaacjo01,Isaac,Jonathan,2018,PF,20,ORL,27,10,19.9,2,5.4,0.379,0.6,1.7,0.348,1.4,3.7,0.394,0.434,0.7,0.9,0.76,0.6,3.1,3.7,0.7,1.2,1.1,1,1.8,5.4
iwundwe01,Iwundu,Wesley,2018,SF,23,ORL,62,12,16.5,1.5,3.5,0.427,0.1,0.7,0.196,1.4,2.8,0.488,0.447,0.5,0.8,0.723,0.6,1.6,2.2,0.9,0.5,0.2,0.5,1.3,3.7
jackja01,Jack,Jarrett,2018,PG,34,NYK,62,56,25,3,7.1,0.427,0.4,1.4,0.291,2.6,5.8,0.459,0.455,1,1.2,0.84,0.4,2.7,3.1,5.6,0.6,0.1,1.9,1.6,7.5
jacksaa01,Jackson,Aaron,2018,PG,31,HOU,1,0,35,3,9,0.333,1,4,0.25,2,5,0.4,0.389,1,2,0.5,2,1,3,1,0,0,1,4,8
jacksde01,Jackson,Demetrius,2018,PG,23,TOT,15,0,5.3,0.5,1.2,0.389,0.1,0.5,0.143,0.4,0.7,0.545,0.417,0.1,0.1,0.5,0.3,0.5,0.8,0.6,0.3,0.1,0.7,0.5,1.1
jacksde01,Jackson,Demetrius,2018,PG,23,HOU,12,0,5.3,0.3,1.2,0.286,0,0.5,0,0.3,0.7,0.5,0.286,0,0,,0.3,0.6,0.9,0.4,0.3,0.1,0.8,0.5,0.7
jacksde01,Jackson,Demetrius,2018,PG,23,PHI,3,0,5.7,1,1.3,0.75,0.3,0.3,1,0.7,1,0.667,0.875,0.3,0.7,0.5,0.3,0,0.3,1.3,0.3,0,0.3,0.3,2.7
jacksjo02,Jackson,Josh,2018,SF,20,PHO,77,35,25.4,5.1,12.1,0.417,0.7,2.8,0.263,4.3,9.3,0.464,0.448,2.3,3.6,0.634,1.2,3.3,4.6,1.5,1,0.5,1.9,2.8,13.1
jacksju01,Jackson,Justin,2018,SF,22,SAC,68,41,22.1,2.7,6.2,0.442,0.8,2.7,0.308,1.9,3.4,0.547,0.51,0.4,0.5,0.722,0.4,2.4,2.8,1.1,0.4,0.2,0.6,1.2,6.7
jacksre01,Jackson,Reggie,2018,PG,27,DET,45,45,26.7,5.5,12.8,0.426,1.2,3.8,0.308,4.3,9.1,0.475,0.471,2.5,3,0.836,0.6,2.1,2.8,5.3,0.6,0.1,2.2,1.9,14.6
jamesle01,James,LeBron,2018,PF,33,CLE,82,82,36.9,10.5,19.3,0.542,1.8,5,0.367,8.6,14.3,0.603,0.59,4.7,6.5,0.731,1.2,7.5,8.6,9.1,1.4,0.9,4.2,1.7,27.5
jamesmi02,James,Mike,2018,PG,27,TOT,36,10,19.1,3.4,8.9,0.383,0.7,2.7,0.265,2.7,6.2,0.435,0.424,1.8,2.3,0.762,0.4,2.1,2.5,3.5,0.8,0.2,1.4,1.3,9.3
jamesmi02,James,Mike,2018,PG,27,PHO,32,10,20.9,3.8,9.8,0.388,0.8,3,0.268,3,6.7,0.442,0.429,2,2.6,0.762,0.4,2.4,2.8,3.8,0.8,0.2,1.5,1.4,10.4
jamesmi02,James,Mike,2018,PG,27,NOP,4,0,4.5,0.5,2.3,0.222,0,0.3,0,0.5,2,0.25,0.222,0,0,,0.3,0,0.3,1.5,0.3,0,0.3,0.8,1
jeffeal01,Jefferson,Al,2018,C,33,IND,36,1,13.4,3.1,5.8,0.534,0,0.1,0,3.1,5.7,0.541,0.534,0.8,1,0.833,0.8,3.1,4,0.8,0.4,0.6,0.6,1.8,7
jefferi01,Jefferson,Richard,2018,SF,37,DEN,20,0,8.2,0.6,1.4,0.444,0.1,0.4,0.286,0.5,1,0.5,0.481,0.2,0.4,0.571,0.1,0.8,0.9,0.8,0.1,0.1,0.3,0.6,1.5
jennibr01,Jennings,Brandon,2018,PG,28,MIL,14,0,14.6,1.9,5.1,0.375,0.6,2.4,0.273,1.3,2.8,0.462,0.438,0.7,0.7,1,0.4,1.9,2.2,3.1,0.4,0.3,1.3,0.8,5.2
jerebjo01,Jerebko,Jonas,2018,PF,30,UTA,74,19,15.3,2.1,4.6,0.466,0.9,2.1,0.414,1.3,2.5,0.511,0.562,0.6,0.8,0.807,0.7,2.6,3.3,0.6,0.3,0.2,0.4,1.7,5.8
johnsam01,Johnson,Amir,2018,C,30,PHI,74,18,15.8,1.9,3.5,0.538,0.1,0.4,0.313,1.8,3.1,0.57,0.558,0.7,1.1,0.612,1.7,2.8,4.5,1.6,0.6,0.6,0.7,2.6,4.6
johnsbr02,Johnson,Brice,2018,PF,23,TOT,18,0,5.4,1.1,2.3,0.476,0,0.1,0,1.1,2.3,0.488,0.476,0.2,0.3,0.6,0.5,1.2,1.7,0.1,0.5,0.3,0.3,0.7,2.4
johnsbr02,Johnson,Brice,2018,PF,23,LAC,9,0,4.2,0.8,1.2,0.636,0,0.1,0,0.8,1.1,0.7,0.636,0.2,0.2,1,0.2,1.2,1.4,0.1,0.7,0.2,0.4,0.8,1.8
johnsbr02,Johnson,Brice,2018,PF,23,MEM,9,0,6.7,1.4,3.4,0.419,0,0,,1.4,3.4,0.419,0.419,0.1,0.3,0.333,0.8,1.2,2,0.1,0.3,0.4,0.1,0.7,3
johnsda04,Johnson,Dakari,2018,C,22,OKC,31,6,5.2,0.7,1.3,0.564,0,0,,0.7,1.3,0.564,0.564,0.4,0.6,0.55,0.5,0.6,1.1,0.3,0.2,0.3,0.1,0.9,1.8
johnsja01,Johnson,James,2018,PF,30,MIA,73,41,26.6,4.2,8.4,0.503,0.8,2.5,0.308,3.5,5.9,0.587,0.55,1.5,2.2,0.698,0.8,4.1,4.9,3.8,1,0.7,1.9,2.6,10.8
johnsjo02,Johnson,Joe,2018,SF,36,TOT,55,4,21.9,2.7,6.5,0.406,0.7,2.6,0.276,1.9,3.9,0.493,0.461,0.7,0.8,0.889,0.3,2.9,3.1,1.5,0.3,0.1,0.9,1.2,6.8
johnsjo02,Johnson,Joe,2018,SF,36,UTA,32,3,21.9,3,7.1,0.42,0.7,2.6,0.274,2.3,4.4,0.507,0.471,0.6,0.8,0.833,0.4,3,3.3,1.4,0.4,0.2,1,1,7.3
johnsjo02,Johnson,Joe,2018,SF,36,HOU,23,1,22,2.2,5.8,0.381,0.7,2.7,0.279,1.5,3.2,0.466,0.444,0.9,0.9,0.952,0.1,2.7,2.8,1.7,0.3,0,0.8,1.5,6
johnsom01,Johnson,Omari,2018,PF,28,MEM,4,0,18.8,2.3,5.3,0.429,1,3,0.333,1.3,2.3,0.556,0.524,0,0,,1,1.8,2.8,1.8,0.5,0,0.8,1.5,5.5
johnsst04,Johnson,Stanley,2018,SF,21,DET,69,50,27.4,3,8.1,0.375,1,3.4,0.286,2.1,4.7,0.439,0.435,1.6,2.1,0.772,0.5,3.2,3.7,1.6,1.4,0.2,1.1,2.4,8.7
johnsty01,Johnson,Tyler,2018,PG,25,MIA,72,39,28.5,4.3,9.9,0.435,1.7,4.5,0.367,2.6,5.4,0.491,0.518,1.5,1.8,0.822,0.5,3,3.4,2.3,0.8,0.5,1.1,2.1,11.7
johnswe01,Johnson,Wesley,2018,SF,30,LAC,74,40,20.1,2,5,0.408,0.8,2.4,0.339,1.2,2.6,0.471,0.489,0.6,0.8,0.741,0.4,2.5,2.9,0.8,1,0.8,0.7,2,5.4
jokicni01,Jokić,Nikola,2018,C,22,DEN,75,73,32.6,6.7,13.5,0.499,1.5,3.7,0.396,5.2,9.7,0.538,0.554,3.5,4.2,0.85,2.6,8.1,10.7,6.1,1.2,0.8,2.8,2.8,18.5
jonesda03,Jones,Damian,2018,C,22,GSW,15,0,5.9,0.7,1.5,0.5,0,0,,0.7,1.5,0.5,0.5,0.2,0.3,0.6,0.3,0.6,0.9,0.1,0.1,0.2,0.3,0.9,1.7
jonesde02,Jones,Derrick,2018,SF,20,TOT,20,8,12.3,1.1,2.7,0.396,0.2,0.9,0.167,0.9,1.8,0.514,0.425,0.8,1.2,0.667,1.1,0.9,1.9,0.5,0.2,0.7,0.4,1.2,3.1
jonesde02,Jones,Derrick,2018,SF,20,PHO,6,0,5.5,0.3,0.7,0.5,0,0.3,0,0.3,0.3,1,0.5,0.8,1,0.833,0.3,0.3,0.7,0.5,0.2,0.7,0.2,0.3,1.5
jonesde02,Jones,Derrick,2018,SF,20,MIA,14,8,15.1,1.4,3.5,0.388,0.2,1.1,0.188,1.1,2.4,0.485,0.418,0.8,1.3,0.611,1.4,1.1,2.4,0.4,0.2,0.6,0.4,1.6,3.7
jonesja04,Jones,Jalen,2018,SF,24,TOT,16,0,11.3,1.6,4.3,0.382,0.6,1.6,0.385,1,2.6,0.381,0.456,0.8,1.2,0.632,0.8,1.6,2.4,0.3,0.3,0.1,0.4,1.4,4.6
jonesja04,Jones,Jalen,2018,SF,24,NOP,4,0,4.8,0.3,1,0.25,0.3,0.3,1,0,0.8,0,0.375,0.5,0.5,1,0,0.8,0.8,0,0,0,0,0.5,1.3
jonesja04,Jones,Jalen,2018,SF,24,DAL,12,0,13.5,2.1,5.3,0.391,0.8,2.1,0.36,1.3,3.3,0.41,0.461,0.8,1.4,0.588,1.1,1.8,2.9,0.3,0.4,0.1,0.6,1.7,5.8
jonesty01,Jones,Tyus,2018,PG,21,MIN,82,11,17.9,1.8,4,0.457,0.5,1.6,0.349,1.3,2.4,0.528,0.526,0.9,1,0.877,0.2,1.4,1.6,2.8,1.2,0.1,0.7,1.3,5.1
jordade01,Jordan,DeAndre,2018,C,29,LAC,77,77,31.5,4.8,7.5,0.645,0,0,,4.8,7.5,0.645,0.645,2.4,4.1,0.58,4.3,10.9,15.2,1.5,0.5,0.9,1.8,2.6,12
josepco01,Joseph,Cory,2018,PG,26,IND,82,17,27,3.1,7.4,0.424,0.8,2.3,0.353,2.3,5,0.457,0.479,0.9,1.1,0.745,0.5,2.7,3.2,3.2,1,0.2,1.1,1.7,7.9
kaminfr01,Kaminsky,Frank,2018,PF,24,CHO,79,4,23.2,3.9,9.1,0.429,1.3,3.5,0.38,2.6,5.6,0.459,0.501,2,2.5,0.799,0.6,3.1,3.6,1.6,0.5,0.2,0.8,1.2,11.1
kanteen01,Kanter,Enes,2018,C,25,NYK,71,71,25.8,5.9,10,0.592,0,0,0,5.9,10,0.594,0.592,2.2,2.6,0.848,3.8,7.1,11,1.5,0.5,0.5,1.7,2.6,14.1
kennalu01,Kennard,Luke,2018,SG,21,DET,73,9,20,2.8,6.4,0.443,1.1,2.7,0.415,1.7,3.7,0.463,0.53,0.9,1,0.855,0.3,2.1,2.4,1.7,0.6,0.2,0.9,1.2,7.6
kiddgmi01,Kidd-Gilchrist,Michael,2018,SF,24,CHO,74,74,25,3.8,7.6,0.504,0,0,0,3.8,7.5,0.505,0.504,1.6,2.3,0.684,1.1,2.9,4.1,1,0.7,0.4,0.7,1.9,9.2
kilpase01,Kilpatrick,Sean,2018,SG,28,TOT,52,1,12.3,2.1,5.7,0.374,0.9,2.8,0.319,1.2,2.9,0.427,0.452,1.2,1.4,0.889,0.1,1.6,1.7,0.9,0.3,0.1,0.7,0.6,6.3
kilpase01,Kilpatrick,Sean,2018,SG,28,BRK,16,0,11.4,1.6,5.4,0.287,0.7,2.7,0.256,0.9,2.8,0.318,0.351,1.1,1.2,0.947,0.1,2.1,2.2,0.9,0.1,0.1,1,0.5,4.9
kilpase01,Kilpatrick,Sean,2018,SG,28,MIL,23,0,8.9,1.3,3.6,0.378,0.6,2,0.283,0.8,1.6,0.5,0.457,0.8,0.8,0.947,0,1,1.1,0.7,0.2,0,0.4,0.7,4
kilpase01,Kilpatrick,Sean,2018,SG,28,LAC,4,0,9.5,1.8,4.5,0.389,0.8,1.8,0.429,1,2.8,0.364,0.472,0.5,0.5,1,0,0.5,0.5,0.8,0,0,0.3,0.5,4.8
kilpase01,Kilpatrick,Sean,2018,SG,28,CHI,9,1,23.8,5.2,11.9,0.439,2.1,5.3,0.396,3.1,6.6,0.475,0.528,2.9,3.6,0.813,0.3,2.4,2.8,1.4,0.7,0.3,1.3,0.9,15.4
klebima01,Kleber,Maxi,2018,PF,26,DAL,72,36,16.8,2.1,4.3,0.489,0.6,1.8,0.313,1.5,2.5,0.613,0.553,0.6,0.8,0.746,1,2.3,3.3,0.7,0.4,0.7,0.4,1.6,5.4
korkmfu01,Korkmaz,Furkan,2018,SG,20,PHI,14,0,5.7,0.6,2,0.286,0.4,1.2,0.294,0.2,0.8,0.273,0.375,0.1,0.3,0.5,0.1,0.6,0.8,0.3,0.1,0.1,0.1,0.9,1.6
kornelu01,Kornet,Luke,2018,PF,22,NYK,20,1,16.3,2.5,6.3,0.392,1.4,4,0.354,1.1,2.3,0.457,0.504,0.4,0.6,0.727,0.6,2.7,3.2,1.3,0.3,0.8,0.6,1.4,6.7
korveky01,Korver,Kyle,2018,SG,36,CLE,73,4,21.6,3,6.6,0.459,2.2,5.2,0.436,0.8,1.5,0.537,0.628,0.9,1,0.889,0.1,2.1,2.3,1.2,0.4,0.4,0.8,1.8,9.2
koufoko01,Koufos,Kosta,2018,C,28,SAC,71,13,19.6,3.1,5.5,0.571,0,0,,3.1,5.5,0.571,0.571,0.5,1,0.446,2.1,4.5,6.6,1.2,0.7,0.5,0.7,2.1,6.7
kuzmaky01,Kuzma,Kyle,2018,PF,22,LAL,77,37,31.2,6.1,13.5,0.45,2.1,5.6,0.366,4,7.9,0.511,0.527,1.9,2.7,0.707,1.1,5.1,6.3,1.8,0.6,0.4,1.8,2.1,16.1
kuzmimi01,Kuzminskas,Mindaugas,2018,SF,28,NYK,1,0,2,0,2,0,0,0,,0,2,0,0,0,0,,0,0,0,0,0,0,0,0,0
labissk01,Labissière,Skal,2018,PF,21,SAC,60,28,20.7,3.4,7.6,0.448,0.3,0.9,0.353,3.1,6.8,0.459,0.467,1.6,2,0.805,1.7,3.2,4.8,1.2,0.4,0.8,1.2,2.2,8.7
lambje01,Lamb,Jeremy,2018,SG,25,CHO,80,18,24.6,4.8,10.4,0.457,1.2,3.2,0.37,3.6,7.2,0.495,0.513,2.2,2.6,0.861,0.6,3.4,4.1,2.3,0.8,0.4,1.2,1.7,12.9
larkish01,Larkin,Shane,2018,PG,25,BOS,54,2,14.4,1.6,4.1,0.384,0.6,1.6,0.36,1,2.5,0.398,0.454,0.6,0.7,0.865,0.3,1.4,1.7,1.8,0.5,0,0.6,1.1,4.3
lauvejo01,Lauvergne,Joffrey,2018,C,26,SAS,55,1,9.7,1.8,3.5,0.516,0,0.1,0,1.8,3.4,0.53,0.516,0.5,0.9,0.638,1.1,2,3.1,0.7,0.2,0.1,0.6,0.8,4.1
lavinza01,LaVine,Zach,2018,SG,22,CHI,24,24,27.3,5.7,14.8,0.383,1.8,5.1,0.341,3.9,9.7,0.405,0.442,3.6,4.5,0.813,0.4,3.5,3.9,3,1,0.2,1.8,2.3,16.7
laymaja01,Layman,Jake,2018,SF,23,POR,35,1,4.6,0.4,1.3,0.298,0.1,0.6,0.2,0.3,0.8,0.37,0.34,0.1,0.1,0.667,0.1,0.3,0.5,0.3,0.2,0.1,0.1,0.4,1
leaftj01,Leaf,T.J.,2018,PF,20,IND,53,0,8.7,1.2,2.6,0.471,0.3,0.8,0.429,0.9,1.8,0.489,0.537,0.2,0.3,0.625,0.5,1,1.5,0.2,0.1,0.1,0.2,0.8,2.9
leeco01,Lee,Courtney,2018,SG,32,NYK,76,69,30.4,4.5,9.9,0.454,1.5,3.7,0.406,3,6.3,0.482,0.529,1.5,1.6,0.919,0.4,2.6,2.9,2.4,1.1,0.2,1.1,1.4,12
leeda03,Lee,Damion,2018,SG,25,ATL,15,11,26.9,4.1,10.1,0.408,1,4,0.25,3.1,6.1,0.511,0.457,1.5,1.9,0.759,0.7,4,4.7,1.9,1.3,0.1,0.9,1.7,10.7
lemonwa01,Lemon,Walt,2018,PG,25,NOP,5,0,7,1.4,3.2,0.438,0.2,0.2,1,1.2,3,0.4,0.469,0.4,0.6,0.667,0,0.4,0.4,1,0,0.2,0.8,1,3.4
lenal01,Len,Alex,2018,C,24,PHO,69,13,20.2,3.1,5.5,0.566,0,0,0.333,3.1,5.4,0.568,0.567,2.3,3.3,0.684,2.5,5,7.5,1.2,0.4,0.9,1.1,2.3,8.5
leonaka01,Leonard,Kawhi,2018,SF,26,SAS,9,9,23.3,5.8,12.3,0.468,1.2,3.9,0.314,4.6,8.4,0.539,0.518,3.4,4.2,0.816,0.7,4,4.7,2.3,2,1,1.8,1,16.2
leoname01,Leonard,Meyers,2018,C,25,POR,33,2,7.7,1.4,2.4,0.59,0.3,0.8,0.423,1.1,1.6,0.673,0.66,0.3,0.3,0.818,0.4,1.8,2.1,0.5,0.2,0,0.3,1.1,3.4
leuerjo01,Leuer,Jon,2018,PF,28,DET,8,0,17,1.9,4.5,0.417,0,0.4,0,1.9,4.1,0.455,0.417,1.6,1.9,0.867,0.9,3.1,4,0.6,0.1,0.4,0.9,2,5.4
leverca01,LeVert,Caris,2018,SF,23,BRK,71,10,26.3,4.5,10.4,0.435,1.2,3.5,0.347,3.3,6.9,0.48,0.493,1.9,2.6,0.711,0.7,2.9,3.7,4.2,1.2,0.3,2.2,2.2,12.1
liggide01,Liggins,DeAndre,2018,SG,29,TOT,58,4,12.5,0.7,1.8,0.377,0.3,0.9,0.358,0.4,0.9,0.396,0.467,0,0.1,0.4,0.1,1.2,1.3,0.8,0.6,0.2,0.3,1.4,1.7
liggide01,Liggins,DeAndre,2018,SG,29,MIL,31,1,15.5,0.7,2.1,0.338,0.4,1.2,0.306,0.4,0.9,0.379,0.423,0.1,0.2,0.4,0.2,1.4,1.6,0.9,0.9,0.3,0.4,2,1.8
liggide01,Liggins,DeAndre,2018,SG,29,NOP,27,3,9,0.7,1.5,0.439,0.3,0.6,0.471,0.4,0.9,0.417,0.537,0,0,,0.1,0.9,1,0.8,0.4,0.1,0.3,0.7,1.6
lillada01,Lillard,Damian,2018,PG,27,POR,73,73,36.6,8.5,19.4,0.439,3.1,8.6,0.361,5.4,10.8,0.501,0.519,6.8,7.4,0.916,0.8,3.6,4.5,6.6,1.1,0.4,2.8,1.6,26.9
linje01,Lin,Jeremy,2018,PG,29,BRK,1,1,25,5,12,0.417,1,2,0.5,4,10,0.4,0.458,7,7,1,0,0,0,4,0,0,3,3,18
livinsh01,Livingston,Shaun,2018,PG,32,GSW,71,7,15.9,2.4,4.8,0.501,0,0.1,0,2.4,4.8,0.509,0.501,0.7,0.9,0.82,0.5,1.4,1.8,2,0.5,0.3,0.8,1.6,5.5
looneke01,Looney,Kevon,2018,C,21,GSW,66,4,13.8,1.7,2.9,0.58,0,0.1,0.2,1.7,2.8,0.59,0.583,0.6,1.2,0.545,1.3,2,3.3,0.6,0.5,0.8,0.5,1.6,4
lopezbr01,Lopez,Brook,2018,C,29,LAL,74,72,23.4,5,10.7,0.465,1.5,4.4,0.345,3.5,6.3,0.549,0.536,1.5,2.1,0.703,1,3,4,1.7,0.4,1.3,1.3,2.6,13
lopezro01,Lopez,Robin,2018,C,29,CHI,64,64,26.4,5.3,10.1,0.53,0.1,0.2,0.286,5.3,9.9,0.536,0.533,1.1,1.4,0.756,2.1,2.4,4.5,1.9,0.2,0.8,1.7,1.7,11.8
loveke01,Love,Kevin,2018,C,29,CLE,59,59,28,5.7,12.4,0.458,2.3,5.6,0.415,3.3,6.8,0.494,0.552,4,4.5,0.88,1.7,7.5,9.3,1.7,0.7,0.4,1.5,2,17.6
lowryky01,Lowry,Kyle,2018,PG,31,TOR,78,78,32.2,5.2,12.1,0.427,3.1,7.6,0.399,2.1,4.5,0.474,0.553,2.9,3.3,0.854,0.8,4.7,5.6,6.9,1.1,0.2,2.3,2.5,16.2
luwawti01,Luwawu-Cabarrot,Timothé,2018,SF,22,PHI,52,7,15.5,1.9,5.1,0.375,1,3,0.335,0.9,2.1,0.431,0.474,0.9,1.1,0.793,0.3,1.1,1.4,1,0.2,0.1,0.7,1.9,5.8
lydonty01,Lydon,Tyler,2018,PF,21,DEN,1,0,2,0,0,,0,0,,0,0,,,0,0,,0,0,0,0,0,0,0,0,0
lylestr01,Lyles,Trey,2018,PF,22,DEN,73,2,19.1,3.7,7.5,0.491,1.1,3,0.381,2.6,4.5,0.563,0.566,1.4,2,0.706,0.8,4,4.8,1.2,0.4,0.5,0.8,1.5,9.9
macksh01,Mack,Shelvin,2018,PG,27,ORL,69,3,19.8,2.6,6,0.43,0.7,2,0.345,1.9,4,0.473,0.488,1,1.4,0.711,0.3,2.1,2.4,3.9,0.8,0.1,1.3,1.3,6.9
magetjo01,Magette,Josh,2018,PG,28,ATL,18,0,12,0.8,2.6,0.326,0.4,1.2,0.364,0.4,1.3,0.292,0.413,0.4,0.4,1,0.1,0.9,1.1,3.2,0.4,0.1,0.5,0.9,2.6
mahinia01,Mahinmi,Ian,2018,C,31,WAS,77,0,14.9,1.8,3.2,0.556,0,0,0,1.8,3.2,0.561,0.556,1.2,1.7,0.703,1.8,2.3,4.1,0.7,0.5,0.5,1.3,3,4.8
makerth01,Maker,Thon,2018,C,20,MIL,74,12,16.7,1.8,4.3,0.411,0.4,1.4,0.298,1.3,2.9,0.467,0.46,0.9,1.3,0.699,1,2,3,0.6,0.5,0.7,0.6,2.2,4.8
marjabo01,Marjanović,Boban,2018,C,29,TOT,39,1,8.6,2,3.8,0.534,0,0,,2,3.8,0.534,0.534,2,2.5,0.794,1.2,2.5,3.7,0.6,0.3,0.3,0.9,1.3,6
marjabo01,Marjanović,Boban,2018,C,29,DET,19,1,9,2.2,4.2,0.519,0,0,,2.2,4.2,0.519,0.519,1.9,2.4,0.8,0.8,2.2,3,0.7,0.2,0.3,1.2,1.5,6.2
marjabo01,Marjanović,Boban,2018,C,29,LAC,20,0,8.3,1.9,3.5,0.551,0,0,,1.9,3.5,0.551,0.551,2.1,2.6,0.788,1.7,2.7,4.4,0.4,0.3,0.3,0.7,1.2,5.9
markkla01,Markkanen,Lauri,2018,PF,20,CHI,68,68,29.7,5.5,12.7,0.434,2.1,5.9,0.362,3.4,6.8,0.497,0.518,2.1,2.4,0.843,1.2,6.3,7.5,1.2,0.6,0.6,1.2,1.5,15.2
martija01,Martin,Jarell,2018,PF,23,MEM,73,36,22.8,3,6.8,0.446,0.5,1.3,0.347,2.6,5.5,0.47,0.48,1.2,1.6,0.767,1.3,3,4.4,1,0.5,0.7,1.2,2.9,7.7
masonfr01,Mason,Frank,2018,PG,23,SAC,52,2,18.9,2.8,7.3,0.379,0.6,1.7,0.36,2.2,5.7,0.384,0.42,1.8,2.2,0.817,0.6,1.9,2.5,2.8,0.7,0.2,1.3,1.4,7.9
mathima01,Mathiang,Mangok,2018,C,25,CHO,4,0,5,1,1.8,0.571,0,0,,1,1.8,0.571,0.571,0,0.3,0,0.8,1.8,2.5,0,0.3,0,0,1.3,2
matthwe02,Matthews,Wesley,2018,SF,31,DAL,63,62,33.8,4.5,11.1,0.406,2.4,6.4,0.381,2.1,4.7,0.441,0.516,1.3,1.6,0.822,0.4,2.7,3.1,2.7,1.2,0.3,1.3,2.2,12.7
mbahalu01,Mbah-a-Moute,Luc,2018,PF,31,HOU,61,15,25.6,2.7,5.7,0.481,1,2.8,0.364,1.7,2.8,0.599,0.572,1.1,1.6,0.684,0.4,2.7,3,0.9,1.2,0.4,1.1,1.6,7.5
mcadoja01,Michael McAdoo,James,2018,PF,25,PHI,3,0,6,0.7,2.3,0.286,0.7,2.3,0.286,0,0,,0.429,0.7,0.7,1,0,0.7,0.7,0,0,0.3,0.3,0.3,2.7
mccawpa01,McCaw,Patrick,2018,SG,22,GSW,57,10,16.9,1.6,3.9,0.409,0.3,1.4,0.238,1.3,2.5,0.503,0.451,0.5,0.6,0.765,0.3,1.2,1.4,1.4,0.8,0.2,0.7,1.2,4
mccolcj01,McCollum,CJ,2018,SG,26,POR,81,81,36.1,8.2,18.6,0.443,2.3,5.9,0.397,5.9,12.7,0.465,0.506,2.6,3.1,0.836,0.7,3.3,4,3.4,1,0.4,1.9,2.1,21.4
mccontj01,McConnell,T.J.,2018,PG,25,PHI,76,1,22.4,2.8,5.5,0.499,0.4,0.8,0.435,2.4,4.7,0.51,0.531,0.4,0.5,0.795,0.5,2.5,3,4,1.2,0.2,1.5,1.6,6.3
mccreer01,McCree,Erik,2018,SF,24,UTA,4,0,2,0,0.5,0,0,0.3,0,0,0.3,0,0,0,0,,0,0.3,0.3,0,0.3,0,0.3,0,0
mcculch01,McCullough,Chris,2018,PF,22,WAS,19,0,4.7,0.9,2.2,0.429,0.1,0.4,0.125,0.9,1.8,0.5,0.44,0.5,0.7,0.643,0.4,0.9,1.3,0.2,0,0.3,0.1,0.4,2.4
mcderdo01,McDermott,Doug,2018,SF,26,TOT,81,4,21.8,2.9,6.3,0.467,1.1,2.7,0.426,1.8,3.6,0.497,0.557,0.8,1,0.79,0.5,2,2.5,1,0.2,0.2,0.7,1.5,7.8
mcderdo01,McDermott,Doug,2018,SF,26,NYK,55,1,21.3,2.7,6,0.46,1,2.5,0.387,1.8,3.5,0.513,0.541,0.7,1,0.755,0.6,1.8,2.4,0.9,0.2,0.2,0.6,1.3,7.2
mcderdo01,McDermott,Doug,2018,SF,26,DAL,26,3,22.9,3.3,6.9,0.478,1.5,3,0.494,1.8,3.9,0.465,0.586,0.9,1.1,0.857,0.3,2.3,2.5,1.1,0.3,0.2,0.8,1.9,9
mcgeeja01,McGee,JaVale,2018,C,30,GSW,65,17,9.5,2.1,3.4,0.621,0,0.1,0,2.1,3.3,0.638,0.621,0.6,0.8,0.731,0.9,1.7,2.6,0.5,0.3,0.9,0.4,1.4,4.8
mcgruro01,McGruder,Rodney,2018,SG,26,MIA,18,2,16.6,2,4.1,0.493,0.8,1.9,0.429,1.2,2.1,0.553,0.596,0.2,0.4,0.5,0.6,1.2,1.8,0.9,0.4,0.2,0.2,1.2,5.1
mckintr01,McKinney-Jones,Trey,2018,SG,27,IND,1,0,1,0,0,,0,0,,0,0,,,0,0,,0,0,0,0,0,0,0,0,0
mckinal01,McKinnie,Alfonzo,2018,SF,25,TOR,14,0,3.8,0.6,1.1,0.533,0.2,0.6,0.333,0.4,0.4,0.833,0.633,0.1,0.2,0.667,0.1,0.4,0.5,0.1,0.1,0.1,0.2,0.6,1.5
mclembe01,McLemore,Ben,2018,SG,24,MEM,56,17,19.5,2.8,6.7,0.421,1,2.8,0.346,1.8,3.8,0.477,0.495,0.9,1.1,0.828,0.6,1.9,2.5,0.9,0.7,0.3,1.1,2.5,7.5
mcrobjo01,McRoberts,Josh,2018,PF,30,DAL,2,0,3,0,0.5,0,0,0.5,0,0,0,,0,0,0,,0,0,0,0,0,0,0,1,0
meeksjo01,Meeks,Jodie,2018,SG,30,WAS,77,0,14.5,2,5.1,0.399,0.9,2.7,0.343,1.1,2.4,0.464,0.491,1.3,1.5,0.863,0.2,1.4,1.6,0.9,0.4,0.1,0.5,0.7,6.3
mejrisa01,Mejri,Salah,2018,C,31,DAL,61,1,12,1.4,2.2,0.642,0,0,0,1.4,2.2,0.657,0.642,0.6,1.1,0.576,1.4,2.6,4,0.6,0.4,1.1,0.6,2,3.5
mickejo01,Mickey,Jordan,2018,PF,23,MIA,23,3,12.3,1.7,3.6,0.476,0.1,0.7,0.125,1.6,2.9,0.561,0.488,0.6,0.8,0.684,0.8,2.7,3.5,0.4,0.3,0.4,0.8,1.6,4
middlkh01,Middleton,Khris,2018,SF,26,MIL,82,82,36.4,7.2,15.5,0.466,1.8,5,0.359,5.5,10.5,0.517,0.524,3.9,4.4,0.884,0.5,4.7,5.2,4,1.5,0.3,2.3,3.3,20.1
milescj01,Miles,C.J.,2018,SF,30,TOR,70,3,19.1,3.2,8.6,0.379,2.3,6.5,0.361,0.9,2.1,0.434,0.516,1.2,1.4,0.835,0.3,1.9,2.2,0.8,0.5,0.3,0.6,1.9,10
milleda01,Miller,Darius,2018,SF,27,NOP,82,3,23.7,2.6,5.9,0.444,1.8,4.4,0.411,0.8,1.6,0.535,0.594,0.7,0.8,0.866,0.2,1.8,2,1.4,0.3,0.2,0.7,2,7.8
millema01,Miller,Malcolm,2018,SF,24,TOR,15,4,8.4,0.9,1.9,0.464,0.5,1.4,0.381,0.3,0.5,0.714,0.607,0.3,0.3,1,0.3,0.7,1,0.2,0.1,0.1,0.3,0.7,2.5
millspa02,Mills,Patty,2018,PG,29,SAS,82,36,25.7,3.4,8.3,0.411,1.9,5,0.372,1.5,3.3,0.47,0.523,1.3,1.4,0.89,0.3,1.6,1.9,2.8,0.7,0.1,1.3,1.6,10
millspa01,Millsap,Paul,2018,PF,32,DEN,38,37,30.1,5.3,11.4,0.464,1,3,0.345,4.3,8.5,0.506,0.509,2.9,4.2,0.696,1.7,4.7,6.4,2.8,1,1.2,1.9,2.6,14.6
mirotni01,Mirotić,Nikola,2018,PF,26,TOT,55,14,27.2,5.6,12.4,0.447,2.5,6.5,0.377,3.1,5.9,0.525,0.546,2,2.5,0.818,1.1,6.3,7.4,1.5,0.8,0.7,1.1,2,15.6
mirotni01,Mirotić,Nikola,2018,PF,26,CHI,25,3,24.9,5.7,12.1,0.474,2.8,6.4,0.429,3,5.6,0.525,0.588,2.6,3.2,0.823,0.7,5.6,6.4,1.6,0.6,0.5,1.2,1.8,16.8
mirotni01,Mirotić,Nikola,2018,PF,26,NOP,30,11,29.1,5.4,12.7,0.427,2.2,6.6,0.335,3.2,6.2,0.524,0.513,1.6,1.9,0.81,1.4,6.8,8.2,1.4,1,0.9,1,2.1,14.6
mitchdo01,Mitchell,Donovan,2018,SG,21,UTA,79,71,33.4,7.5,17.2,0.437,2.4,7,0.34,5.2,10.3,0.502,0.506,3,3.8,0.805,0.7,3.1,3.7,3.7,1.5,0.3,2.7,2.7,20.5
mitrona01,Mitrou-Long,Naz,2018,SG,24,UTA,1,0,1,1,1,1,1,1,1,0,0,,1.5,0,0,,0,0,0,0,0,0,0,0,3
monkma01,Monk,Malik,2018,SG,19,CHO,63,0,13.6,2.4,6.7,0.36,1.3,3.9,0.342,1.1,2.9,0.385,0.458,0.5,0.6,0.842,0.1,0.9,1,1.4,0.3,0.1,0.8,1,6.7
monrogr01,Monroe,Greg,2018,C,27,TOT,51,14,20.4,4.3,7.6,0.565,0,0,,4.3,7.6,0.565,0.565,1.7,2.3,0.739,2.1,4.7,6.9,2.2,0.9,0.5,1.8,1.9,10.3
monrogr01,Monroe,Greg,2018,C,27,MIL,5,0,15.8,3.2,6.6,0.485,0,0,,3.2,6.6,0.485,0.485,0.4,0.8,0.5,1.2,3.8,5,1,0,0,1.2,1.4,6.8
monrogr01,Monroe,Greg,2018,C,27,PHO,20,14,23.3,4.9,7.8,0.626,0,0,,4.9,7.8,0.626,0.626,1.6,2.3,0.674,2.5,5.5,8,2.5,0.8,0.3,2,2,11.3
monrogr01,Monroe,Greg,2018,C,27,BOS,26,0,19.1,4,7.6,0.53,0,0,,4,7.6,0.53,0.53,2.1,2.7,0.797,2,4.3,6.3,2.3,1.1,0.7,1.8,1.8,10.2
montelu01,Montero,Luis,2018,SG,24,DET,2,0,4,0,0.5,0,0,0,,0,0.5,0,0,0,0,,0,1,1,0,0,0,1,0,0
moorebe01,Moore,Ben,2018,PF,22,IND,2,0,4.5,0,0,,0,0,,0,0,,,0,0,,0,0.5,0.5,0.5,0,0,0,2,0
mooreet01,Moore,E'Twaun,2018,SG,28,NOP,82,80,31.5,5.2,10.1,0.508,1.6,3.7,0.425,3.6,6.5,0.556,0.585,0.6,0.8,0.706,0.7,2.2,2.9,2.3,1,0.1,1.2,2.2,12.5
moreler01,Moreland,Eric,2018,PF,26,DET,67,3,12,1,1.8,0.541,0,0,,1,1.8,0.541,0.541,0.2,0.4,0.379,1.2,2.9,4.1,1.2,0.5,0.8,0.6,1.7,2.1
morrija01,Morris,Jaylen,2018,SG,22,ATL,6,0,16.3,2.2,5.3,0.406,0.3,1.7,0.2,1.8,3.7,0.5,0.438,0,0,,0.3,2.3,2.7,1.2,0.3,0.2,1,0.3,4.7
morrima03,Morris,Marcus,2018,PF,28,BOS,54,21,26.8,4.9,11.3,0.429,1.6,4.3,0.368,3.3,7,0.467,0.499,2.3,2.9,0.805,0.8,4.6,5.4,1.3,0.6,0.2,1.2,1.9,13.6
morrima02,Morris,Markieff,2018,PF,28,WAS,73,73,27,4.5,9.4,0.48,1,2.8,0.367,3.5,6.6,0.529,0.536,1.4,1.8,0.82,1,4.6,5.6,1.9,0.8,0.5,1.7,3,11.5
morrimo01,Morris,Monte,2018,PG,22,DEN,3,0,8.3,1.3,2,0.667,0,0.3,0,1.3,1.7,0.8,0.667,0.7,0.7,1,0,0.7,0.7,2.3,1,0,0.3,0.3,3.3
motlejo01,Motley,Johnathan,2018,PF,22,DAL,11,4,16,3.6,6.8,0.533,0.1,0.5,0.167,3.5,6.3,0.565,0.54,1.4,2.5,0.536,1.3,3.2,4.5,0.6,0.3,0.2,0.8,1.6,8.7
mozgoti01,Mozgov,Timofey,2018,C,31,BRK,31,13,11.6,1.7,3,0.559,0.1,0.6,0.222,1.5,2.4,0.64,0.581,0.7,1,0.767,1,2.1,3.2,0.4,0.2,0.4,1.1,1.3,4.2
mudiaem01,Mudiay,Emmanuel,2018,PG,21,TOT,64,14,19.5,3.2,8.2,0.388,0.7,2.3,0.318,2.5,5.9,0.415,0.433,1.5,2,0.76,0.4,2,2.4,3.2,0.6,0.2,1.8,1.3,8.6
mudiaem01,Mudiay,Emmanuel,2018,PG,21,DEN,42,0,17.9,3.1,7.7,0.401,0.9,2.4,0.373,2.2,5.2,0.414,0.46,1.5,1.9,0.808,0.4,1.9,2.2,2.9,0.5,0.1,1.7,1.1,8.5
mudiaem01,Mudiay,Emmanuel,2018,PG,21,NYK,22,14,22.4,3.4,9.3,0.368,0.4,2.1,0.196,3,7.2,0.418,0.39,1.6,2.3,0.686,0.5,2.2,2.6,3.9,0.9,0.3,1.9,1.5,8.8
muhamsh01,Muhammad,Shabazz,2018,SF-SG,25,TOT,43,2,9.7,2,4.4,0.447,0.2,0.6,0.259,1.8,3.7,0.478,0.465,0.9,1.2,0.78,0.5,1.2,1.8,0.3,0.2,0.1,0.1,0.7,5
muhamsh01,Muhammad,Shabazz,2018,SF,25,MIN,32,2,9.4,1.5,3.8,0.388,0.1,0.6,0.211,1.3,3.2,0.422,0.405,0.7,1,0.71,0.5,0.9,1.4,0.2,0.2,0.1,0.2,0.7,3.8
muhamsh01,Muhammad,Shabazz,2018,SG,25,MIL,11,0,10.6,3.4,6.1,0.552,0.3,0.7,0.375,3.1,5.4,0.576,0.575,1.5,1.7,0.895,0.7,2.1,2.8,0.6,0.4,0.1,0.1,0.6,8.5
munfoxa02,Munford,Xavier,2018,SG,25,MIL,6,0,3.5,0.2,1,0.167,0,0.3,0,0.2,0.7,0.25,0.167,0.2,0.3,0.5,0.2,0,0.2,0.7,0.2,0,0.3,0.7,0.5
murrade01,Murray,Dejounte,2018,PG,21,SAS,81,48,21.5,3.3,7.5,0.443,0.1,0.4,0.265,3.2,7.1,0.454,0.451,1.3,1.8,0.709,1.4,4.3,5.7,2.9,1.2,0.4,1.7,1.9,8.1
murraja01,Murray,Jamal,2018,PG,20,DEN,81,80,31.7,5.9,13.1,0.451,2,5.4,0.378,3.9,7.7,0.502,0.529,2.8,3.1,0.905,1,2.7,3.7,3.4,1,0.3,2.1,2.1,16.7
muscami01,Muscala,Mike,2018,C,26,ATL,53,7,20,2.7,5.9,0.458,1.2,3.2,0.371,1.5,2.7,0.559,0.558,1.1,1.2,0.919,1.1,3.3,4.3,1,0.6,0.5,0.8,1.5,7.6
naderab01,Nader,Abdel,2018,SF,24,BOS,48,1,10.9,1,3.1,0.336,0.5,1.4,0.354,0.6,1.8,0.321,0.413,0.5,0.8,0.59,0.3,1.2,1.5,0.5,0.3,0.2,0.7,0.9,3
nancela02,Nance,Larry,2018,C,25,TOT,66,27,21.5,3.6,6.3,0.581,0,0.2,0.167,3.6,6.1,0.594,0.584,1.4,2.1,0.664,2.4,4.4,6.8,1.2,1.3,0.6,0.8,2.6,8.7
nancela02,Nance,Larry,2018,C,25,LAL,42,17,22,3.6,6,0.601,0,0.1,0.25,3.6,5.9,0.606,0.603,1.3,2.1,0.632,2.6,4.2,6.8,1.4,1.4,0.5,1,2.7,8.6
nancela02,Nance,Larry,2018,C,25,CLE,24,10,20.8,3.7,6.7,0.55,0,0.3,0.125,3.6,6.3,0.572,0.553,1.5,2.1,0.72,2.2,4.8,7,1,1.2,0.8,0.4,2.5,8.9
napiesh01,Napier,Shabazz,2018,PG,26,POR,74,10,20.7,3,7.2,0.42,1.1,2.9,0.376,1.9,4.2,0.45,0.497,1.6,1.9,0.841,0.4,1.9,2.3,2,1.1,0.2,1.2,1.1,8.7
nelsoja01,Nelson,Jameer,2018,PG,35,TOT,50,0,20.3,1.9,4.9,0.389,0.8,2.5,0.331,1.1,2.4,0.45,0.473,0.3,0.4,0.8,0.3,1.8,2.1,3.6,0.5,0.1,1.3,1.6,4.9
nelsoja01,Nelson,Jameer,2018,PG,35,NOP,43,0,20.9,2,4.8,0.41,0.9,2.6,0.364,1,2.2,0.463,0.507,0.3,0.4,0.765,0.3,2,2.2,3.6,0.5,0.1,1.3,1.6,5.1
nelsoja01,Nelson,Jameer,2018,PG,35,DET,7,0,16.6,1.6,5.6,0.282,0.1,2,0.071,1.4,3.6,0.4,0.295,0.4,0.4,1,0.3,0.9,1.1,3.3,0.6,0.1,1.6,2,3.7
netora01,Neto,Raul,2018,PG,25,UTA,41,0,12.1,1.7,3.7,0.457,0.5,1.1,0.404,1.2,2.5,0.481,0.52,0.6,0.9,0.743,0.2,1,1.2,1.8,0.3,0.1,0.9,0.9,4.5
niangge01,Niang,Georges,2018,PF,24,UTA,9,0,3.6,0.4,1.2,0.364,0,0.4,0,0.4,0.8,0.571,0.364,0.1,0.2,0.5,0.3,0.7,1,0.3,0.2,0,0.3,0.1,1
noahjo01,Noah,Joakim,2018,C,32,NYK,7,0,5.7,0.7,1.4,0.5,0,0,,0.7,1.4,0.5,0.5,0.3,0.6,0.5,0.9,1.1,2,0.6,0.3,0.3,0.6,0.7,1.7
noelne01,Noel,Nerlens,2018,C,23,DAL,30,6,15.7,1.8,3.5,0.524,0,0,0,1.8,3.5,0.529,0.524,0.7,0.9,0.75,1.6,4,5.6,0.7,1,0.7,0.9,2,4.4
noguelu01,Nogueira,Lucas,2018,C,25,TOR,49,3,8.5,1,1.6,0.613,0.1,0.4,0.263,0.9,1.2,0.721,0.644,0.4,0.6,0.679,0.4,1.4,1.8,0.4,0.5,0.9,0.3,1,2.5
nowitdi01,Nowitzki,Dirk,2018,C,39,DAL,77,77,24.7,4.5,9.8,0.456,1.8,4.4,0.409,2.7,5.5,0.494,0.547,1.3,1.4,0.898,0.3,5.4,5.7,1.6,0.6,0.6,0.7,1.9,12
ntilila01,Ntilikina,Frank,2018,PG,19,NYK,78,9,21.9,2.3,6.4,0.364,0.6,2,0.318,1.7,4.4,0.385,0.414,0.6,0.9,0.721,0.5,1.8,2.3,3.2,0.8,0.2,1.7,2.3,5.9
nurkiju01,Nurkić,Jusuf,2018,C,23,POR,79,79,26.4,6.1,12,0.505,0,0.1,0,6.1,11.9,0.508,0.505,2.2,3.5,0.63,2.4,6.6,9,1.8,0.8,1.4,2.3,3.1,14.3
nwabada01,Nwaba,David,2018,SG,25,CHI,70,21,23.5,2.9,6,0.478,0.3,0.7,0.346,2.6,5.3,0.496,0.499,1.9,2.9,0.655,1.3,3.4,4.7,1.5,0.8,0.4,1.1,2.3,7.9
obryajo01,O'Bryant,Johnny,2018,PF,24,CHO,36,0,10.5,1.9,4.8,0.398,0.4,1.2,0.326,1.5,3.6,0.422,0.439,0.6,0.7,0.84,0.8,1.8,2.6,0.4,0.3,0.2,0.4,1.3,4.8
onealro01,O'Neale,Royce,2018,SF,24,UTA,69,4,16.7,1.7,4.1,0.423,0.6,1.7,0.356,1.1,2.4,0.47,0.496,0.9,1.1,0.803,0.4,3.1,3.4,1.4,0.5,0.2,0.8,1.5,5
oquinky01,O'Quinn,Kyle,2018,C,27,NYK,77,10,18,2.9,5,0.583,0.1,0.2,0.235,2.9,4.8,0.599,0.589,1.3,1.6,0.772,1.6,4.5,6.1,2.1,0.5,1.3,1.3,2.5,7.1
ojelese01,Ojeleye,Semi,2018,PF,23,BOS,73,0,15.8,0.9,2.6,0.346,0.5,1.7,0.32,0.3,0.9,0.397,0.452,0.3,0.6,0.61,0.5,1.7,2.2,0.3,0.3,0.1,0.3,1.2,2.7
okafoem01,Okafor,Emeka,2018,C,35,NOP,26,19,13.6,1.8,3.7,0.505,0,0,,1.8,3.7,0.505,0.505,0.7,0.8,0.818,1.8,2.8,4.6,0.3,0.3,1,0.5,1.2,4.4
okafoja01,Okafor,Jahlil,2018,C,22,TOT,28,0,12.6,2.8,4.9,0.558,0,0.1,0.25,2.7,4.8,0.567,0.562,0.8,1,0.724,0.8,2.3,3,0.4,0.1,0.6,0.8,1.8,6.3
okafoja01,Okafor,Jahlil,2018,C,22,PHI,2,0,12.5,2,4.5,0.444,0,0,,2,4.5,0.444,0.444,1,2,0.5,2,2.5,4.5,0.5,0,1,1.5,3.5,5
okafoja01,Okafor,Jahlil,2018,C,22,BRK,26,0,12.6,2.8,5,0.566,0,0.2,0.25,2.8,4.8,0.576,0.57,0.7,1,0.76,0.7,2.3,2.9,0.4,0.1,0.6,0.7,1.7,6.4
oladivi01,Oladipo,Victor,2018,SG,25,IND,75,75,34,8.5,17.9,0.477,2.1,5.8,0.371,6.4,12.1,0.528,0.537,3.9,4.9,0.799,0.6,4.6,5.2,4.3,2.4,0.8,2.9,2.3,23.1
olynyke01,Olynyk,Kelly,2018,PF,26,MIA,76,22,23.4,4.2,8.4,0.497,1.4,3.7,0.379,2.8,4.7,0.59,0.58,1.8,2.3,0.77,1.2,4.5,5.7,2.7,0.8,0.5,1.9,2.9,11.5
onuakch01,Onuaku,Chinanu,2018,C,21,HOU,1,0,22,2,5,0.4,0,0,,2,5,0.4,0.4,0,0,,1,3,4,1,0,0,3,4,4
osmande01,Osman,Cedi,2018,SF,22,CLE,61,12,11,1.5,3,0.484,0.5,1.4,0.368,1,1.6,0.586,0.57,0.4,0.8,0.565,0.3,1.7,2,0.7,0.4,0,0.5,1.3,3.9
oubreke01,Oubre,Kelly,2018,SF,22,WAS,81,11,27.5,3.9,9.8,0.403,1.6,4.6,0.341,2.4,5.2,0.456,0.482,2.4,2.9,0.82,0.7,3.8,4.5,1.2,1,0.4,1.1,2.9,11.8
pachuza01,Pachulia,Zaza,2018,C,33,GSW,69,57,14.1,2.2,3.8,0.564,0,0,0,2.2,3.8,0.567,0.564,1.1,1.3,0.806,1.3,3.4,4.7,1.6,0.6,0.2,1,1.8,5.4
paigema01,Paige,Marcus,2018,PG,24,CHO,5,0,5.6,0.8,2.8,0.286,0.4,1.6,0.25,0.4,1.2,0.333,0.357,0.4,0.4,1,0,0.8,0.8,0.6,0,0,0,0,2.4
papagge01,Papagiannis,Georgios,2018,C,20,TOT,17,0,7.2,1.1,2.5,0.429,0,0,,1.1,2.5,0.429,0.429,0,0,,0.8,1.4,2.2,0.5,0.2,0.4,0.5,0.7,2.1
papagge01,Papagiannis,Georgios,2018,C,20,SAC,16,0,7.4,1.1,2.6,0.415,0,0,,1.1,2.6,0.415,0.415,0,0,,0.8,1.5,2.3,0.6,0.1,0.4,0.5,0.8,2.1
papagge01,Papagiannis,Georgios,2018,C,20,POR,1,0,4,1,1,1,0,0,,1,1,1,1,0,0,,1,0,1,0,2,0,0,0,2
parkeja01,Parker,Jabari,2018,PF,22,MIL,31,3,24,5.2,10.7,0.482,1,2.6,0.383,4.2,8.1,0.514,0.529,1.3,1.7,0.741,1.4,3.5,4.9,1.9,0.8,0.3,1.5,1.6,12.6
parketo01,Parker,Tony,2018,PG,35,SAS,55,21,19.5,3.2,7.1,0.459,0.2,0.7,0.27,3.1,6.4,0.479,0.472,1,1.4,0.705,0.1,1.6,1.7,3.5,0.5,0,1.2,0.9,7.7
parsoch01,Parsons,Chandler,2018,SF,29,MEM,36,8,19.2,3,6.5,0.462,1.4,3.4,0.421,1.6,3.1,0.504,0.571,0.5,0.8,0.63,0.4,2.1,2.5,1.9,0.5,0.3,1,1.5,7.9
pattepa01,Patterson,Patrick,2018,PF,28,OKC,82,3,15.5,1.3,3.2,0.398,0.8,2.1,0.386,0.5,1.2,0.421,0.523,0.5,0.6,0.87,0.4,2,2.4,0.7,0.6,0.3,0.4,1.1,3.9
pattoju01,Patton,Justin,2018,C,20,MIN,1,0,4,1,2,0.5,0,0,,1,2,0.5,0.5,0,0,,0,0,0,0,1,0,0,1,2
paulbr01,Paul,Brandon,2018,SG,26,SAS,64,2,9,0.9,2,0.433,0.2,0.8,0.278,0.6,1.1,0.548,0.492,0.3,0.7,0.512,0.1,1,1.1,0.6,0.4,0.1,0.5,0.9,2.3
paulch01,Paul,Chris,2018,PG,32,HOU,58,58,31.8,6.3,13.8,0.46,2.5,6.5,0.38,3.8,7.2,0.532,0.55,3.5,3.8,0.919,0.6,4.8,5.4,7.9,1.7,0.2,2.2,2.4,18.6
paynead01,Payne,Adreian,2018,PF,26,ORL,5,0,8.6,1.4,2,0.7,0.4,0.6,0.667,1,1.4,0.714,0.8,1,1.2,0.833,0.4,1.4,1.8,0,0.4,0,0.4,1.2,4.2
payneca01,Payne,Cameron,2018,PG,23,CHI,25,14,23.3,3.5,8.6,0.405,1.4,3.6,0.385,2.1,5,0.419,0.486,0.5,0.6,0.75,0.7,2,2.8,4.5,1,0.4,1.4,1.8,8.8
paytoel01,Payton,Elfrid,2018,PG,23,TOT,63,63,28.7,5.2,10.6,0.493,0.5,1.5,0.326,4.7,9.1,0.52,0.516,1.7,2.7,0.649,1,3.3,4.3,6.2,1.3,0.3,2.7,2.3,12.7
paytoel01,Payton,Elfrid,2018,PG,23,ORL,44,44,28.6,5.4,10.4,0.52,0.6,1.5,0.373,4.8,8.9,0.545,0.547,1.6,2.6,0.632,1.1,2.9,4,6.3,1.5,0.4,2.6,2.2,13
paytoel01,Payton,Elfrid,2018,PG,23,PHO,19,19,29,4.8,11,0.435,0.3,1.3,0.2,4.5,9.7,0.467,0.447,1.9,2.8,0.685,0.9,4.4,5.3,6.2,1,0.3,2.8,2.6,11.8
paytoga02,Payton,Gary,2018,PG,25,TOT,23,6,9.6,1.3,3.2,0.405,0.3,1.1,0.24,1,2.1,0.49,0.446,0.1,0.4,0.333,0.6,1.3,1.9,0.9,0.3,0.1,0.3,1.3,3
paytoga02,Payton,Gary,2018,PG,25,MIL,12,6,8.8,1.1,2.8,0.394,0.2,1,0.167,0.9,1.8,0.524,0.424,0.2,0.3,0.667,0.3,1.1,1.4,0.8,0.3,0.1,0.3,1.4,2.5
paytoga02,Payton,Gary,2018,PG,25,LAL,11,0,10.5,1.5,3.7,0.415,0.4,1.2,0.308,1.2,2.5,0.464,0.463,0.1,0.5,0.167,0.8,1.6,2.5,1.1,0.4,0.2,0.4,1.2,3.5
perkike01,Perkins,Kendrick,2018,C,33,CLE,1,0,15,1,2,0.5,0,0,,1,2,0.5,0.5,1,2,0.5,0,1,1,2,1,0,1,1,3
perralo01,Perrantes,London,2018,PG,23,CLE,14,0,4.7,0.1,0.9,0.154,0,0.2,0,0.1,0.7,0.2,0.154,0.2,0.4,0.6,0.1,0.2,0.3,0.4,0.1,0.1,0.1,0.4,0.5
peteral01,Peters,Alec,2018,PF,22,PHO,20,0,11.3,1.4,3.7,0.378,0.9,2.9,0.31,0.5,0.8,0.625,0.5,0.4,0.5,0.8,0.4,1.5,1.9,0.6,0.1,0.1,0.2,0.7,4.1
plumlma02,Plumlee,Marshall,2018,C,25,MIL,8,0,6.5,0.1,0.4,0.333,0,0,,0.1,0.4,0.333,0.333,1.5,2,0.75,0.5,1.6,2.1,0.3,0,0.1,0.4,1.3,1.8
plumlma01,Plumlee,Mason,2018,C,27,DEN,74,26,19.4,3,5,0.601,0,0,0,3,5,0.602,0.601,1.1,2.4,0.458,1.8,3.6,5.4,1.9,0.7,1.1,1.4,2.5,7.1
plumlmi01,Plumlee,Miles,2018,C,29,ATL,55,35,16.7,1.9,3.3,0.583,0,0,,1.9,3.3,0.583,0.583,0.5,1.1,0.45,1.4,2.7,4.1,0.8,0.3,0.5,1.1,1.4,4.3
poeltja01,Pöltl,Jakob,2018,C,22,TOR,82,0,18.6,3.1,4.7,0.659,0,0,0.5,3.1,4.7,0.66,0.66,0.7,1.2,0.594,2,2.8,4.8,0.7,0.5,1.2,1,2.6,6.9
pondequ01,Pondexter,Quincy,2018,SF,29,CHI,23,1,8.5,0.6,2.1,0.286,0.1,1,0.136,0.5,1.2,0.407,0.316,0.6,0.7,0.824,0.3,0.8,1.2,0.4,0.3,0.1,0.5,1,2
porteot01,Porter,Otto,2018,SF,24,WAS,77,77,31.6,5.8,11.5,0.503,1.8,4.1,0.441,4,7.4,0.537,0.581,1.4,1.7,0.828,1.3,5.1,6.4,2,1.5,0.5,1,2,14.7
portibo01,Portis,Bobby,2018,PF,22,CHI,73,4,22.5,5.2,11.1,0.471,1.1,3.1,0.359,4.1,8.1,0.514,0.52,1.6,2.1,0.769,2.2,4.6,6.8,1.7,0.7,0.3,1.4,1.8,13.2
porzikr01,Porziņģis,Kristaps,2018,PF,22,NYK,48,48,32.4,8.1,18.5,0.439,1.9,4.8,0.395,6.3,13.8,0.454,0.489,4.5,5.7,0.793,1.3,5.3,6.6,1.2,0.8,2.4,1.9,2.9,22.7
poweldw01,Powell,Dwight,2018,C,26,DAL,79,25,21.2,3.2,5.4,0.593,0.4,1.1,0.333,2.9,4.4,0.656,0.626,1.7,2.3,0.719,1.7,3.9,5.6,1.2,0.8,0.4,0.7,2.4,8.5
powelno01,Powell,Norman,2018,SG,24,TOR,70,18,15.2,2.1,5.3,0.401,0.8,2.7,0.285,1.4,2.7,0.516,0.472,0.5,0.6,0.821,0.2,1.5,1.7,1.3,0.5,0.2,0.9,1.6,5.5
poythal01,Poythress,Alex,2018,PF,24,IND,25,0,4.2,0.4,1,0.423,0.2,0.4,0.364,0.3,0.6,0.467,0.5,0,0,,0.3,0.4,0.7,0.1,0.1,0,0.1,0.6,1
pulleja01,Pullen,Jacob,2018,PG,28,PHI,3,0,2,0.3,0.7,0.5,0,0.3,0,0.3,0.3,1,0.5,0,0,,0,0,0,0,0,0,0.3,0,0.7
purviro01,Purvis,Rodney,2018,SG,23,ORL,16,2,18.1,2.2,6.7,0.327,0.8,3.3,0.25,1.4,3.4,0.4,0.388,0.8,0.9,0.867,0.1,1.6,1.7,1.1,0.2,0.2,0.6,1.6,6
qizh01,Qi,Zhou,2018,C,22,HOU,18,0,6.9,0.3,1.8,0.188,0.1,1.1,0.105,0.2,0.7,0.308,0.219,0.4,0.7,0.667,0.3,0.9,1.2,0.1,0.1,0.8,0.6,0.8,1.2
quartti01,Quarterman,Tim,2018,SG,23,HOU,3,0,4.3,0.3,1,0.333,0,0.7,0,0.3,0.3,1,0.333,0.7,0.7,1,0,1,1,0.3,0,0,0.7,0.3,1.3
rabbiv01,Rabb,Ivan,2018,PF,20,MEM,36,5,14.3,2.4,4.2,0.566,0,0,,2.4,4.2,0.566,0.566,0.8,1,0.806,1.5,2.9,4.4,0.9,0.3,0.4,1,1.5,5.6
randlju01,Randle,Julius,2018,C,23,LAL,82,49,26.7,6.1,11,0.558,0.1,0.5,0.222,6,10.5,0.575,0.563,3.7,5.2,0.718,2.2,5.8,8,2.6,0.5,0.5,2.6,3.3,16.1
randoza01,Randolph,Zach,2018,PF,36,SAC,59,57,25.6,6.1,12.9,0.473,0.9,2.5,0.347,5.3,10.4,0.503,0.507,1.4,1.8,0.785,1.6,5.1,6.7,2.2,0.7,0.2,2,2,14.5
rathaxa01,Rathan-Mayes,Xavier,2018,SG,23,MEM,5,0,23.6,2.4,8.4,0.286,0.2,2.8,0.071,2.2,5.6,0.393,0.298,0.8,1.8,0.444,0,1,1,3.6,1.2,0.6,2.2,3.6,5.8
redicjj01,Redick,J.J.,2018,SG,33,PHI,70,70,30.2,5.8,12.6,0.46,2.8,6.6,0.42,3,6,0.504,0.569,2.8,3.1,0.904,0.1,2.4,2.5,3,0.5,0.1,1.5,1.8,17.1
reedda01,Reed,Davon,2018,SG,22,PHO,21,1,11.5,1,3.6,0.289,0.5,1.8,0.289,0.5,1.8,0.289,0.362,0.4,0.6,0.667,0.1,1.8,1.9,0.6,0.5,0.1,0.5,0.8,3
reedwi02,Reed,Willie,2018,C,27,TOT,42,5,10.2,1.9,2.9,0.669,0,0,0.5,1.9,2.8,0.672,0.674,0.8,1.3,0.582,0.8,2,2.9,0.2,0.2,0.5,0.5,1.3,4.6
reedwi02,Reed,Willie,2018,C,27,LAC,39,5,10.7,2.1,3.1,0.667,0,0.1,0.5,2,3,0.669,0.671,0.8,1.4,0.582,0.9,2.2,3.1,0.2,0.2,0.6,0.5,1.4,4.9
reedwi02,Reed,Willie,2018,C,27,DET,3,0,3,0.3,0.3,1,0,0,,0.3,0.3,1,1,0,0,,0,0.3,0.3,0.3,0,0,0,1,0.7
richajo01,Richardson,Josh,2018,SF,24,MIA,81,81,33.2,4.9,10.9,0.451,1.6,4.1,0.378,3.4,6.8,0.495,0.523,1.5,1.8,0.845,0.9,2.7,3.5,2.9,1.5,0.9,1.7,2.5,12.9
richama01,Richardson,Malachi,2018,SG,22,TOT,26,4,12.5,1.2,3.5,0.333,0.5,1.5,0.3,0.7,1.9,0.36,0.4,0.7,0.8,0.773,0.2,1.1,1.3,0.5,0.4,0,0.4,1,3.4
richama01,Richardson,Malachi,2018,SG,22,SAC,25,4,12.8,1.2,3.5,0.33,0.5,1.6,0.308,0.7,2,0.347,0.398,0.7,0.9,0.773,0.2,1.1,1.3,0.5,0.4,0,0.4,1.1,3.5
richama01,Richardson,Malachi,2018,SG,22,TOR,1,0,5,1,2,0.5,0,1,0,1,1,1,0.5,0,0,,0,1,1,0,0,0,0,0,2
riverau01,Rivers,Austin,2018,SG,25,LAC,61,59,33.7,5.6,13.2,0.424,2.2,5.9,0.378,3.4,7.3,0.461,0.508,1.7,2.6,0.642,0.4,1.9,2.4,4,1.2,0.3,1.8,2.5,15.1
roberan03,Roberson,Andre,2018,SG,26,OKC,39,39,26.6,2.2,4.2,0.537,0.2,0.9,0.222,2,3.2,0.627,0.562,0.3,1,0.316,1.9,2.8,4.7,1.2,1.2,0.9,0.8,2.3,5
robinde01,Robinson,Devin,2018,SF,22,WAS,1,0,13,1,3,0.333,0,0,,1,3,0.333,0.333,0,0,,2,3,5,0,1,0,0,2,2
robingl02,Robinson,Glenn,2018,SF,24,IND,23,1,14.7,1.6,3.7,0.424,0.6,1.5,0.412,1,2.2,0.431,0.506,0.4,0.5,0.818,0.5,1.1,1.6,0.7,0.6,0,0.2,0.6,4.1
rondora01,Rondo,Rajon,2018,PG,31,NOP,65,63,26.2,3.6,7.6,0.468,0.8,2.3,0.333,2.8,5.3,0.526,0.518,0.4,0.7,0.543,0.5,3.6,4,8.2,1.1,0.2,2.3,1.8,8.3
rosede01,Rose,Derrick,2018,PG,29,TOT,25,7,16.8,3.2,7.4,0.435,0.3,1.2,0.233,3,6.2,0.474,0.454,1.6,1.8,0.87,0.5,0.9,1.4,1.5,0.3,0.2,1.4,0.6,8.4
rosede01,Rose,Derrick,2018,PG,29,CLE,16,7,19.3,3.6,8.3,0.439,0.4,1.5,0.25,3.3,6.8,0.481,0.462,2.2,2.6,0.854,0.6,1.2,1.8,1.6,0.2,0.3,1.8,0.9,9.8
rosede01,Rose,Derrick,2018,PG,29,MIN,9,0,12.4,2.6,6,0.426,0.1,0.7,0.167,2.4,5.3,0.458,0.435,0.6,0.6,1,0.3,0.3,0.7,1.2,0.4,0,0.8,0.2,5.8
rosste01,Ross,Terrence,2018,SG,26,ORL,24,20,25,3.2,8,0.398,1.3,3.9,0.323,1.9,4.1,0.469,0.476,1.1,1.5,0.75,0.4,2.6,3,1.6,1.1,0.5,1.2,1.9,8.7
roziete01,Rozier,Terry,2018,PG,23,BOS,80,16,25.9,4,10,0.395,1.9,5,0.381,2,5,0.41,0.491,1.4,1.9,0.772,0.8,3.9,4.7,2.9,1,0.2,1,1.5,11.3
rubiori01,Rubio,Ricky,2018,PG,27,UTA,77,77,29.3,4.5,10.7,0.418,1.2,3.5,0.352,3.2,7.2,0.451,0.476,2.9,3.3,0.866,0.6,4,4.6,5.3,1.6,0.1,2.7,2.7,13.1
russeda01,Russell,D'Angelo,2018,PG,21,BRK,48,35,25.7,5.8,14,0.414,1.9,5.8,0.324,3.9,8.2,0.477,0.481,2,2.7,0.74,0.6,3.3,3.9,5.2,0.8,0.4,3.1,1.9,15.5
sabondo01,Sabonis,Domantas,2018,C,21,IND,74,19,24.5,4.6,8.9,0.514,0.2,0.5,0.351,4.4,8.4,0.524,0.524,2.3,3,0.75,2.2,5.5,7.7,2,0.5,0.4,1.9,3,11.6
sampsja02,Sampson,JaKarr,2018,SF,24,SAC,22,6,15.6,2,3.7,0.543,0.2,0.5,0.5,1.8,3.2,0.549,0.574,0.5,0.7,0.625,1,2.6,3.5,0.4,0.4,1,0.4,2.2,4.7
saricda01,Šarić,Dario,2018,PF,23,PHI,78,73,29.6,5.2,11.4,0.453,2,5.1,0.393,3.2,6.3,0.501,0.541,2.3,2.7,0.86,2,4.7,6.7,2.6,0.7,0.3,1.9,2.1,14.6
satorto01,Satoranský,Tomáš,2018,SG,26,WAS,73,30,22.5,2.8,5.3,0.523,0.6,1.4,0.465,2.1,3.9,0.544,0.585,1,1.3,0.781,1,2.2,3.2,3.9,0.7,0.2,1.1,1.8,7.2
schrode01,Schröder,Dennis,2018,PG,24,ATL,67,67,31,7.5,17.1,0.436,1.1,3.9,0.29,6.3,13.2,0.48,0.469,3.4,4,0.849,0.7,2.4,3.1,6.2,1.1,0.1,2.7,2.2,19.4
scottmi01,Scott,Mike,2018,PF,29,WAS,76,1,18.5,3.6,6.9,0.527,0.9,2.1,0.405,2.8,4.8,0.582,0.59,0.7,1,0.658,0.7,2.6,3.3,1.1,0.3,0.1,1,1.9,8.8
sefolth01,Sefolosha,Thabo,2018,SF,33,UTA,38,6,21.2,3.1,6.3,0.492,0.8,2.2,0.381,2.3,4.1,0.551,0.558,1.2,1.4,0.815,0.8,3.5,4.2,0.9,1.4,0.3,0.8,1.6,8.2
seldewa01,Selden,Wayne,2018,SG,23,MEM,35,9,19.8,3.3,7.7,0.431,1.4,3.5,0.402,1.9,4.2,0.456,0.522,1.3,1.7,0.746,0.5,1.1,1.6,1.9,0.5,0.1,1.5,1.7,9.3
sessira01,Sessions,Ramon,2018,PG,31,TOT,28,3,14,1.5,4.2,0.359,0.3,0.9,0.308,1.2,3.3,0.374,0.393,1.6,2,0.772,0.2,1.1,1.4,2.8,0.5,0.1,1.1,1,4.9
sessira01,Sessions,Ramon,2018,PG,31,NYK,13,3,12.8,1.3,4.1,0.321,0.2,0.8,0.182,1.2,3.2,0.357,0.34,0.9,1.2,0.8,0.1,1.3,1.4,2.1,0.5,0.1,1.2,1.1,3.7
sessira01,Sessions,Ramon,2018,PG,31,WAS,15,0,15,1.7,4.3,0.391,0.4,1,0.4,1.3,3.3,0.388,0.438,2.1,2.8,0.762,0.3,1,1.3,3.3,0.5,0.1,1,1,5.9
shumpim01,Shumpert,Iman,2018,SG,27,CLE,14,6,19.7,1.6,4.1,0.379,0.5,1.9,0.269,1.1,2.3,0.469,0.44,0.8,1.1,0.733,0.5,2.4,2.9,1.2,0.6,0.3,1.1,1.6,4.4
siakapa01,Siakam,Pascal,2018,PF,23,TOR,81,5,20.7,3.1,6.1,0.508,0.4,1.6,0.22,2.8,4.5,0.612,0.537,0.7,1.1,0.621,1,3.5,4.5,2,0.8,0.5,0.8,2,7.3
silasxa01,Silas,Xavier,2018,SG,30,BOS,2,0,3.5,0,1.5,0,0,1,0,0,0.5,0,0,0,0,,0.5,0.5,1,0,0.5,0,0,0.5,0
simmobe01,Simmons,Ben,2018,PG,21,PHI,81,81,33.7,6.7,12.3,0.545,0,0.1,0,6.7,12.2,0.551,0.545,2.4,4.2,0.56,1.8,6.3,8.1,8.2,1.7,0.9,3.4,2.6,15.8
simmojo02,Simmons,Jonathon,2018,SG,28,ORL,69,50,29.4,5.1,11,0.465,1,3,0.338,4.1,8.1,0.512,0.511,2.7,3.5,0.768,0.9,2.6,3.5,2.5,0.8,0.2,2.1,2.5,13.9
simmoko01,Simmons,Kobi,2018,PG,20,MEM,32,12,20.1,2.5,5.9,0.423,0.3,1.2,0.282,2.2,4.7,0.46,0.452,0.8,0.8,1,0.4,1.1,1.6,2.1,0.6,0.2,1.4,1.9,6.1
singlky01,Singler,Kyle,2018,SF,29,OKC,12,0,4.9,0.6,1.8,0.333,0.2,0.4,0.4,0.4,1.3,0.313,0.381,0.6,1.1,0.538,0.1,0.8,0.8,0.2,0.1,0,0.3,0.3,1.9
smartma01,Smart,Marcus,2018,SG,23,BOS,54,11,29.9,3.5,9.5,0.367,1.4,4.6,0.301,2.1,4.9,0.429,0.44,1.8,2.5,0.729,0.8,2.7,3.5,4.8,1.3,0.4,2.4,2.5,10.2
smithde03,Smith,Dennis,2018,PG,20,DAL,69,69,29.7,5.9,14.8,0.395,1.5,4.9,0.313,4.3,9.9,0.435,0.446,1.9,2.8,0.694,0.7,3,3.8,5.2,1,0.3,2.8,2.2,15.2
smithis01,Smith,Ish,2018,PG,29,DET,82,35,24.9,4.7,9.8,0.486,0.4,1.2,0.347,4.3,8.5,0.506,0.507,1,1.4,0.698,0.3,2.4,2.7,4.4,0.8,0.2,1.3,1.7,10.9
smithjr01,Smith,J.R.,2018,SG,32,CLE,80,61,28.1,3,7.4,0.403,1.8,4.8,0.375,1.2,2.7,0.453,0.524,0.5,0.7,0.696,0.4,2.6,2.9,1.8,0.9,0.1,1,2,8.3
smithja02,Smith,Jason,2018,C,31,WAS,33,2,8.6,1.4,3.5,0.391,0.1,1,0.125,1.2,2.5,0.494,0.409,0.6,0.6,0.905,0.5,1.1,1.6,0.4,0.1,0.4,0.5,1.3,3.4
smithjo03,Smith,Josh,2018,PF,32,NOP,3,0,4,0.3,1.3,0.25,0,0,,0.3,1.3,0.25,0.25,0,0,,1,0.3,1.3,0,0,0,0,1,0.7
snellto01,Snell,Tony,2018,SG,26,MIL,75,59,27.4,2.5,5.7,0.435,1.4,3.6,0.403,1,2.1,0.49,0.562,0.5,0.6,0.792,0.1,1.8,1.9,1.3,0.6,0.4,0.5,1.5,6.9
speigma01,Speights,Marreese,2018,C,30,ORL,52,3,13,2.7,6.7,0.395,1.7,4.5,0.369,1,2.2,0.448,0.519,0.8,1.1,0.727,0.4,2.2,2.6,0.8,0.2,0.4,0.8,2,7.7
stausni01,Stauskas,Nik,2018,SG,24,TOT,41,0,12.8,1.5,3.8,0.39,1,2.4,0.4,0.5,1.3,0.37,0.519,0.5,0.7,0.724,0.1,1.5,1.6,1,0.2,0.1,0.6,0.6,4.4
stausni01,Stauskas,Nik,2018,SG,24,PHI,6,0,7.5,0.2,0.7,0.25,0,0.2,0,0.2,0.5,0.333,0.25,0.3,0.3,1,0,0.2,0.2,0.2,0.7,0,0.7,0.5,0.7
stausni01,Stauskas,Nik,2018,SG,24,BRK,35,0,13.7,1.7,4.3,0.393,1.1,2.8,0.404,0.5,1.5,0.373,0.527,0.5,0.8,0.704,0.1,1.7,1.8,1.1,0.1,0.1,0.6,0.6,5.1
stephla01,Stephenson,Lance,2018,SG,27,IND,82,7,22.6,3.7,8.6,0.427,0.8,2.8,0.289,2.9,5.8,0.495,0.475,1,1.5,0.661,0.8,4.4,5.2,2.9,0.6,0.2,1.6,2.2,9.2
stockda01,Stockton,David,2018,PG,26,UTA,3,0,3,0.7,1,0.667,0.7,1,0.667,0,0,,1,1.3,1.3,1,0,0,0,0,0,0,0.3,1,3.3
stoneju01,Stone,Julyan,2018,SG,29,CHO,23,0,7.6,0.3,0.6,0.462,0.3,0.6,0.462,0,0,,0.692,0,0.1,0.5,0,1.2,1.3,1.1,0.2,0.1,0.3,0.9,0.8
sumneed01,Sumner,Edmond,2018,PG,22,IND,1,0,2,1,1,1,0,0,,1,1,1,1,0,0,,0,1,1,0,0,0,0,1,2
swanica01,Swanigan,Caleb,2018,PF,20,POR,27,3,7,0.9,2.2,0.4,0,0.3,0.125,0.9,1.9,0.442,0.408,0.4,0.7,0.667,0.6,1.4,2,0.5,0.2,0.1,0.7,1.4,2.3
tatumja01,Tatum,Jayson,2018,SF,19,BOS,80,80,30.5,5,10.4,0.475,1.3,3,0.434,3.7,7.4,0.492,0.538,2.7,3.2,0.826,0.6,4.4,5,1.6,1,0.7,1.4,2.1,13.9
taylois01,Taylor,Isaiah,2018,PG,23,ATL,67,9,17.4,2.4,5.8,0.418,0.3,1.2,0.25,2.1,4.6,0.461,0.444,1.5,2.1,0.702,0.3,1.1,1.4,3.1,0.5,0.1,1.3,1.7,6.6
teaguje01,Teague,Jeff,2018,PG,29,MIN,70,70,33,5.1,11.3,0.446,1.2,3.3,0.368,3.9,8.1,0.477,0.499,2.9,3.4,0.845,0.3,2.6,3,7,1.5,0.3,2.5,2.4,14.2
teaguma01,Teague,Marquis,2018,PG,24,MEM,3,0,24.7,1.3,5.3,0.25,0.3,1.3,0.25,1,4,0.25,0.281,0.7,1.7,0.4,0.3,1.7,2,4.3,1.3,0,1,1.7,3.7
teletmi01,Teletović,Mirza,2018,PF,32,MIL,10,0,15.9,2.5,5.7,0.439,2.1,4.5,0.467,0.4,1.2,0.333,0.623,0,0,,0.3,2,2.3,1,0.4,0.1,0.7,1.4,7.1
templga01,Temple,Garrett,2018,SG,31,SAC,65,35,24.8,3.1,7.3,0.418,1.4,3.5,0.392,1.7,3.8,0.442,0.512,0.9,1.2,0.769,0.3,2,2.3,1.9,0.9,0.4,1.2,2.1,8.4
teodomi01,Teodosić,Miloš,2018,PG,30,LAC,45,36,25.2,3.4,8,0.419,2,5.2,0.379,1.4,2.8,0.492,0.542,0.9,1,0.848,0.4,2.4,2.8,4.6,0.5,0.1,2.2,2.3,9.5
terryja01,Terry,Jason,2018,SG,40,MIL,51,4,16,1.2,3,0.383,0.8,2.3,0.348,0.4,0.8,0.487,0.513,0.2,0.2,0.889,0.1,0.8,0.9,1.2,0.8,0.3,0.5,1,3.3
theisda01,Theis,Daniel,2018,C,25,BOS,63,3,14.9,2,3.7,0.541,0.3,0.9,0.31,1.7,2.8,0.617,0.579,1,1.3,0.753,1.4,2.9,4.3,0.9,0.5,0.8,0.9,2.5,5.3
thomais02,Thomas,Isaiah,2018,PG,28,TOT,32,15,26.9,4.9,13.2,0.373,1.7,5.9,0.293,3.2,7.3,0.438,0.438,3.7,4.1,0.893,0.5,1.6,2.1,4.8,0.5,0.1,3,1.8,15.2
thomais02,Thomas,Isaiah,2018,PG,28,CLE,15,14,27.1,4.7,12.9,0.361,1.5,5.8,0.253,3.2,7.1,0.449,0.418,3.9,4.5,0.868,0.5,1.6,2.1,4.5,0.6,0.1,2.7,1.7,14.7
thomais02,Thomas,Isaiah,2018,PG,28,LAL,17,1,26.8,5.1,13.4,0.383,1.9,5.9,0.327,3.2,7.4,0.429,0.456,3.4,3.7,0.921,0.6,1.5,2.1,5,0.4,0.1,3.2,1.9,15.6
thomala01,Thomas,Lance,2018,PF,29,NYK,73,31,18.5,1.4,3.7,0.382,0.7,1.7,0.403,0.7,2,0.364,0.476,0.6,0.7,0.83,0.6,1.8,2.4,0.6,0.4,0.2,0.5,1.8,4.1
thompkl01,Thompson,Klay,2018,SG,27,GSW,73,73,34.3,7.9,16.2,0.488,3.1,7.1,0.44,4.7,9,0.526,0.585,1.1,1.3,0.837,0.4,3.4,3.8,2.5,0.8,0.5,1.8,1.6,20
thomptr01,Thompson,Tristan,2018,C,26,CLE,53,22,20.2,2.5,4.4,0.562,0,0,,2.5,4.4,0.562,0.562,0.8,1.5,0.544,2.4,4.3,6.6,0.6,0.3,0.3,0.7,1.9,5.8
thornsi01,Thornwell,Sindarius,2018,SG,23,LAC,73,17,15.8,1.4,3.2,0.429,0.3,0.8,0.377,1.1,2.4,0.448,0.479,0.8,1.2,0.67,0.5,1.5,1.9,0.9,0.7,0.3,0.7,1.7,3.9
tollian01,Tolliver,Anthony,2018,PF,32,DET,79,14,22.2,2.8,6,0.464,2,4.6,0.436,0.8,1.4,0.561,0.632,1.3,1.7,0.797,0.6,2.4,3.1,1.1,0.4,0.3,0.7,1.8,8.9
townska01,Towns,Karl-Anthony,2018,C,22,MIN,82,82,35.6,7.8,14.3,0.545,1.5,3.5,0.421,6.3,10.8,0.585,0.596,4.2,4.9,0.858,2.9,9.4,12.3,2.4,0.8,1.4,1.9,3.5,21.3
tuckepj01,Tucker,P.J.,2018,PF,32,HOU,82,34,27.8,2.1,5.4,0.39,1.4,3.8,0.371,0.7,1.6,0.435,0.52,0.5,0.7,0.717,1.1,4.4,5.6,0.9,1,0.3,0.9,2.5,6.1
turneev01,Turner,Evan,2018,SF,29,POR,79,40,25.7,3.3,7.3,0.447,0.5,1.7,0.318,2.7,5.6,0.485,0.484,1.2,1.4,0.85,0.4,2.7,3.1,2.2,0.6,0.4,1.3,2.1,8.2
turnemy01,Turner,Myles,2018,C,21,IND,65,62,28.2,4.7,9.8,0.479,0.9,2.4,0.357,3.8,7.4,0.519,0.523,2.5,3.2,0.777,1.4,5,6.4,1.3,0.6,1.8,1.5,2.9,12.7
udohek01,Udoh,Ekpe,2018,C,30,UTA,63,3,12.9,1,1.9,0.5,0,0,0,1,1.9,0.504,0.5,0.7,0.9,0.75,1.1,1.3,2.4,0.8,0.7,1.2,0.3,1.7,2.6
ulisty01,Ulis,Tyler,2018,PG,22,PHO,71,43,23.4,3,7.8,0.388,0.6,2.1,0.288,2.4,5.7,0.425,0.426,1.2,1.4,0.832,0.3,1.5,1.8,4.4,1,0.1,1.8,1.7,7.8
valanjo01,Valančiūnas,Jonas,2018,C,25,TOR,77,77,22.4,5.1,8.9,0.568,0.4,1,0.405,4.7,8,0.587,0.59,2.2,2.7,0.806,2.4,6.2,8.6,1.1,0.4,0.9,1.5,2.5,12.7
valende01,Valentine,Denzel,2018,SG,24,CHI,77,37,27.2,3.9,9.4,0.417,1.9,4.8,0.386,2.1,4.6,0.45,0.517,0.5,0.7,0.745,0.6,4.5,5.1,3.2,0.8,0.1,1.3,2.4,10.2
vanvlfr01,VanVleet,Fred,2018,PG,23,TOR,76,0,20,3.1,7.2,0.426,1.4,3.4,0.414,1.6,3.7,0.437,0.525,1.1,1.3,0.832,0.3,2.1,2.4,3.2,0.9,0.3,1,1.7,8.6
vaughra01,Vaughn,Rashad,2018,SG,21,TOT,28,0,7.6,0.8,2,0.411,0.5,1.3,0.378,0.3,0.7,0.474,0.536,0.1,0.2,0.667,0.1,0.6,0.8,0.5,0.2,0.1,0.2,0.5,2.3
vaughra01,Vaughn,Rashad,2018,SG,21,MIL,22,0,7.9,1,2.3,0.42,0.6,1.6,0.371,0.4,0.7,0.533,0.55,0.2,0.3,0.667,0.1,0.7,0.8,0.5,0.2,0.1,0.2,0.5,2.7
vaughra01,Vaughn,Rashad,2018,SG,21,BRK,1,0,4,0,0,,0,0,,0,0,,,0,0,,0,0,0,1,0,0,0,1,0
vaughra01,Vaughn,Rashad,2018,SG,21,ORL,5,0,7,0.4,1.2,0.333,0.2,0.4,0.5,0.2,0.8,0.25,0.417,0,0,,0.2,0.6,0.8,0,0.2,0,0.4,0.4,1
vonleno01,Vonleh,Noah,2018,PF,22,TOT,54,16,16.2,1.9,4.3,0.444,0.4,1.2,0.303,1.6,3.1,0.5,0.487,0.7,1.1,0.621,1.3,4.5,5.8,0.6,0.4,0.3,0.6,1.3,4.9
vonleno01,Vonleh,Noah,2018,PF,22,POR,33,12,14.4,1.4,2.9,0.49,0.1,0.2,0.333,1.4,2.7,0.5,0.5,0.7,0.9,0.742,1.1,4,5.1,0.4,0.2,0.3,0.5,1.3,3.6
vonleno01,Vonleh,Noah,2018,PF,22,CHI,21,4,19,2.7,6.6,0.413,0.9,2.9,0.3,1.9,3.7,0.5,0.478,0.6,1.3,0.481,1.7,5.2,6.9,1,0.6,0.3,0.8,1.2,6.9
vucevni01,Vučević,Nikola,2018,C,27,ORL,57,57,29.5,7,14.7,0.475,1.1,3.6,0.314,5.9,11.2,0.527,0.513,1.4,1.6,0.819,1.8,7.4,9.2,3.4,1,1.1,1.9,2.5,16.5
wadedw01,Wade,Dwyane,2018,SG,36,TOT,67,3,22.9,4.5,10.2,0.438,0.5,1.7,0.288,4,8.5,0.468,0.462,2,2.8,0.714,0.7,3,3.8,3.4,0.9,0.7,2.1,1.9,11.4
wadedw01,Wade,Dwyane,2018,SG,36,CLE,46,3,23.2,4.3,9.5,0.455,0.5,1.5,0.329,3.8,7.9,0.479,0.482,2,2.9,0.701,0.8,3.1,3.9,3.5,0.9,0.7,2,1.8,11.2
wadedw01,Wade,Dwyane,2018,SG,36,MIA,21,0,22.2,4.8,11.8,0.409,0.4,2,0.22,4.4,9.8,0.447,0.427,2,2.6,0.745,0.5,2.9,3.4,3.1,0.9,0.7,2.3,1.9,12
waitedi01,Waiters,Dion,2018,SG,26,MIA,30,30,30.6,5.4,13.7,0.398,1.7,5.7,0.306,3.7,8,0.463,0.461,1.7,2.3,0.739,0.3,2.3,2.6,3.8,0.8,0.3,2.3,2,14.3
walkeke02,Walker,Kemba,2018,PG,27,CHO,80,80,34.2,7.4,17,0.431,2.9,7.5,0.384,4.5,9.5,0.469,0.516,4.5,5.3,0.864,0.4,2.7,3.1,5.6,1.1,0.3,2.2,1.2,22.1
walljo01,Wall,John,2018,PG,27,WAS,41,41,34.4,6.8,16.3,0.42,1.5,4.1,0.371,5.3,12.2,0.436,0.466,4.3,5.9,0.726,0.5,3.1,3.7,9.6,1.4,1.1,3.9,2,19.4
wallaty01,Wallace,Tyrone,2018,PG,23,LAC,30,19,28.4,3.7,8.2,0.445,0.3,1.3,0.25,3.3,6.9,0.483,0.466,2,2.6,0.782,0.7,2.8,3.5,2.4,0.9,0.4,1.5,2.8,9.7
princta02,Waller-Prince,Taurean,2018,SF,23,ATL,82,82,30,5.1,11.9,0.426,2.1,5.6,0.385,2.9,6.3,0.461,0.516,1.9,2.2,0.844,0.6,4.1,4.7,2.6,1,0.5,2.3,2,14.1
waltode01,Walton,Derrick,2018,PG,22,MIA,16,0,9.2,0.5,1.6,0.32,0.4,1.1,0.412,0.1,0.5,0.125,0.46,0.4,0.4,1,0.1,0.9,1,1,0.4,0.2,0.1,0.4,1.8
warneja01,Warney,Jameel,2018,PF,24,DAL,3,0,9,2.3,4,0.583,0,0,,2.3,4,0.583,0.583,1,1.7,0.6,1.3,1.7,3,0,0,0,0.3,0.7,5.7
warretj01,Warren,T.J.,2018,SF,24,PHO,65,65,33,8.1,16.4,0.498,0.3,1.4,0.222,7.8,15,0.523,0.507,3,3.9,0.757,1.9,3.2,5.1,1.3,1,0.6,1.3,2.3,19.6
weartr01,Wear,Travis,2018,SF,27,LAL,17,0,13.4,1.5,4.2,0.347,1,2.8,0.362,0.5,1.5,0.32,0.465,0.5,0.5,1,0,2.2,2.2,0.4,0.2,0.3,0.4,1.8,4.4
webbja01,Webb,James,2018,SF,24,BRK,10,0,12,0.6,2.4,0.25,0.4,1.9,0.211,0.2,0.5,0.4,0.333,0,0,,0.8,1.6,2.4,0.4,0.1,0,0.4,1,1.6
weberbr01,Weber,Briante,2018,PG,25,TOT,18,0,13.2,1.1,2.4,0.442,0.2,0.6,0.364,0.8,1.8,0.469,0.488,0.4,0.6,0.8,0.4,1.5,1.9,1.2,1,0.3,0.8,1.6,2.8
weberbr01,Weber,Briante,2018,PG,25,HOU,13,0,9.1,0.7,1.7,0.409,0.3,0.7,0.444,0.4,1,0.385,0.5,0.3,0.3,1,0.2,1.2,1.4,1,0.8,0.2,0.5,1.4,2
weberbr01,Weber,Briante,2018,PG,25,MEM,5,0,23.8,2,4.2,0.476,0,0.4,0,2,3.8,0.526,0.476,0.8,1.2,0.667,1,2.4,3.4,1.8,1.6,0.4,1.6,2,4.8
westda01,West,David,2018,C,37,GSW,73,0,13.7,3,5.2,0.571,0,0.1,0.375,2.9,5.1,0.576,0.575,0.8,1.1,0.759,0.9,2.4,3.3,1.9,0.6,1,1.1,1.6,6.8
westbru01,Westbrook,Russell,2018,PG,29,OKC,80,80,36.4,9.5,21.1,0.449,1.2,4.1,0.298,8.3,17,0.485,0.477,5.2,7.1,0.737,1.9,8.2,10.1,10.3,1.8,0.3,4.8,2.5,25.4
whitean01,White,Andrew,2018,SF,24,ATL,15,0,13.9,1.7,4.9,0.342,1.2,3.3,0.367,0.5,1.6,0.292,0.466,0.1,0.3,0.25,0.3,2,2.3,0.4,0.2,0.1,0.5,0.8,4.6
whitede01,White,Derrick,2018,PG,23,SAS,17,0,8.2,0.9,1.9,0.485,0.5,0.8,0.615,0.5,1.2,0.4,0.606,0.8,1.2,0.7,0.3,1.2,1.5,0.5,0.2,0.2,0.4,0.5,3.2
whiteok01,White,Okaro,2018,PF,25,MIA,6,4,13.3,1.2,2.7,0.438,0.7,1.8,0.364,0.5,0.8,0.6,0.563,0.3,0.5,0.667,0.5,1.3,1.8,0.3,0.2,0.2,0.2,1,3.3
whiteis01,Whitehead,Isaiah,2018,PG,22,BRK,16,0,11.3,2.5,5.4,0.465,0.4,1.1,0.389,2.1,4.3,0.485,0.506,0.8,1.2,0.684,0.3,1.4,1.6,1.3,0.5,0.1,1.5,1.4,6.3
whiteha01,Whiteside,Hassan,2018,C,28,MIA,54,54,25.3,5.8,10.7,0.54,0,0,1,5.7,10.7,0.538,0.542,2.4,3.4,0.703,3.2,8.2,11.4,1,0.7,1.7,1.7,2.4,14
wiggian01,Wiggins,Andrew,2018,SF,22,MIN,82,82,36.3,6.9,15.9,0.438,1.4,4.1,0.331,5.6,11.7,0.475,0.481,2.5,3.8,0.643,1,3.4,4.4,2,1.1,0.6,1.7,2,17.7
wileyja01,Wiley,Jacob,2018,PF,23,BRK,5,0,6.6,0.2,0.8,0.25,0.2,0.4,0.5,0,0.4,0,0.375,0.2,0.4,0.5,0.4,1.8,2.2,0.4,0.2,0,0,0.8,0.8
wilkida02,Wilkins,Damien,2018,SF,38,IND,19,1,8,0.7,2.1,0.333,0.2,0.9,0.222,0.5,1.1,0.429,0.385,0.2,0.2,0.75,0.3,0.6,0.8,0.5,0.1,0.1,0.3,0.4,1.7
willial03,Williams,Alan,2018,PF,25,PHO,5,0,14,1.4,3.6,0.389,0,0,,1.4,3.6,0.389,0.389,1.2,1.8,0.667,0.6,3.8,4.4,1.6,1,0.2,1.4,2.6,4
willicj01,Williams,C.J.,2018,SG,27,LAC,38,17,18.6,2.3,5.2,0.442,0.6,2.1,0.282,1.7,3.1,0.546,0.497,0.3,0.4,0.813,0.3,1.2,1.5,1.1,0.8,0.3,0.5,1.7,5.5
willide02,Williams,Derrick,2018,PF,26,LAL,2,0,4.5,0.5,2,0.25,0,1,0,0.5,1,0.5,0.25,0,0,,0,0.5,0.5,0,0,0,0,0,1
willilo02,Williams,Lou,2018,SG,31,LAC,79,19,32.8,7.4,16.9,0.435,2.4,6.6,0.359,5,10.4,0.484,0.505,5.5,6.2,0.88,0.5,2,2.5,5.3,1.1,0.2,3,1.3,22.6
willima02,Williams,Marvin,2018,PF,31,CHO,78,78,25.7,3.3,7.2,0.458,1.6,3.9,0.413,1.7,3.3,0.512,0.57,1.3,1.6,0.829,0.9,3.8,4.7,1.2,0.7,0.5,0.8,1.5,9.5
willima05,Williams,Matt,2018,SG,24,MIA,3,0,3.7,0.7,2,0.333,0.3,1.7,0.2,0.3,0.3,1,0.417,0,0,,0,0.3,0.3,0,0,0,0.3,0.3,1.7
willitr02,Williams,Troy,2018,SF,23,TOT,21,1,14.6,2.4,5.2,0.468,0.5,1.8,0.289,1.9,3.4,0.563,0.518,1,1.4,0.667,1,2,3,0.8,1,0.2,0.9,1.6,6.3
willitr02,Williams,Troy,2018,SF,23,HOU,4,0,4.3,0.5,2.3,0.222,0,1.3,0,0.5,1,0.5,0.222,0.3,0.8,0.333,0.3,0.8,1,0.3,0.3,0,0.3,0.5,1.3
willitr02,Williams,Troy,2018,SF,23,NYK,17,1,17.1,2.9,5.9,0.49,0.6,1.9,0.333,2.2,3.9,0.567,0.545,1.1,1.6,0.704,1.2,2.2,3.5,0.9,1.1,0.2,1.1,1.9,7.5
wilsodj01,Wilson,D.J.,2018,PF,21,MIL,22,0,3.2,0.4,0.7,0.563,0.1,0.2,0.4,0.3,0.5,0.636,0.625,0,0.1,0.5,0.1,0.4,0.5,0.1,0.1,0,0.2,0.3,1
wilsoja02,Wilson,Jamil,2018,SF,27,LAC,15,10,18.3,2.5,5.4,0.469,1.8,4.2,0.429,0.7,1.2,0.611,0.636,0.1,0.3,0.5,0.2,1.9,2.1,0.7,0.3,0.5,0.5,2.3,7
winslju01,Winslow,Justise,2018,PF,21,MIA,68,25,24.7,3,7.2,0.424,0.7,1.9,0.38,2.3,5.3,0.44,0.474,1,1.5,0.635,0.9,4.5,5.4,2.2,0.8,0.5,1.1,2.1,7.8
witheje01,Withey,Jeff,2018,C,27,DAL,9,0,4.3,0.7,1.8,0.375,0.2,1.1,0.2,0.4,0.7,0.667,0.438,0.1,0.2,0.5,0.1,1,1.1,0,0,0.3,0.2,0.3,1.7
woltena01,Wolters,Nate,2018,PG,26,UTA,5,0,3.8,0.2,1.2,0.167,0,0,,0.2,1.2,0.167,0.167,0,0,,0.2,0.2,0.4,0.2,0,0,0,0.2,0.4
wrighbr03,Wright,Brandan,2018,PF,30,TOT,28,1,13.6,2.1,3.6,0.578,0,0,,2.1,3.6,0.578,0.578,0.8,1.2,0.636,1.2,2.2,3.4,0.5,0.5,0.9,0.3,1.1,5
wrighbr03,Wright,Brandan,2018,PF,30,MEM,27,1,13.6,2.1,3.7,0.576,0,0,,2.1,3.7,0.576,0.576,0.8,1.2,0.636,1.2,2.3,3.4,0.5,0.5,0.9,0.3,1.1,5
wrighbr03,Wright,Brandan,2018,PF,30,HOU,1,0,15,2,3,0.667,0,0,,2,3,0.667,0.667,0,0,,1,1,2,0,0,1,0,3,4
wrighde01,Wright,Delon,2018,PG,25,TOR,69,4,20.8,2.9,6.3,0.465,0.8,2.2,0.366,2.1,4,0.52,0.53,1.4,1.7,0.829,0.7,2.2,2.9,2.9,1,0.5,1.1,1.2,8
yabusgu01,Yabusele,Guerschon,2018,PF,22,BOS,33,4,7.1,0.8,1.8,0.426,0.4,1.1,0.324,0.4,0.7,0.583,0.525,0.5,0.7,0.682,0.5,1.1,1.6,0.5,0.1,0.2,0.4,0.7,2.4
youngja01,Young,James,2018,SG,22,PHI,6,0,10.2,0.8,2.3,0.357,0.5,1.7,0.3,0.3,0.7,0.5,0.464,0.7,1,0.667,0,0.3,0.3,0.3,0,0,0.2,0.7,2.8
youngjo01,Young,Joe,2018,PG,25,IND,53,1,10.5,1.5,3.5,0.43,0.5,1.2,0.379,1,2.3,0.458,0.497,0.4,0.5,0.759,0.2,1,1.2,0.7,0.3,0,0.5,0.7,3.9
youngni01,Young,Nick,2018,SG,32,GSW,80,8,17.4,2.5,6.1,0.412,1.5,4.1,0.377,1,2,0.481,0.538,0.7,0.8,0.862,0.3,1.3,1.6,0.5,0.5,0.1,0.5,1.3,7.3
youngth01,Young,Thaddeus,2018,PF,29,IND,81,81,32.2,5.2,10.7,0.487,0.7,2.2,0.32,4.5,8.4,0.531,0.521,0.7,1.1,0.598,2.3,4,6.3,1.9,1.7,0.4,1.3,2.2,11.8
zelleco01,Zeller,Cody,2018,C,25,CHO,33,0,19,2.6,4.7,0.545,0.1,0.1,0.667,2.5,4.6,0.542,0.551,1.8,2.6,0.718,2,3.3,5.4,0.9,0.4,0.6,1,2.5,7.1
zellety01,Zeller,Tyler,2018,C,28,TOT,66,34,16.8,2.8,5.1,0.56,0.2,0.4,0.357,2.7,4.6,0.578,0.575,0.9,1.2,0.722,1.7,3,4.6,0.7,0.2,0.5,0.7,1.9,6.7
zellety01,Zeller,Tyler,2018,C,28,BRK,42,33,16.7,3,5.5,0.546,0.2,0.6,0.385,2.7,4.8,0.567,0.568,1,1.4,0.667,1.5,3.1,4.6,0.7,0.2,0.5,0.8,1.9,7.1
zellety01,Zeller,Tyler,2018,C,28,MIL,24,1,16.9,2.6,4.4,0.59,0,0.1,0,2.6,4.3,0.602,0.59,0.7,0.8,0.895,2,2.7,4.6,0.8,0.3,0.6,0.5,2,5.9
zipsepa01,Zipser,Paul,2018,SF,23,CHI,54,12,15.3,1.5,4.3,0.346,0.7,2,0.336,0.8,2.3,0.355,0.425,0.4,0.5,0.76,0.2,2.2,2.4,0.9,0.4,0.3,0.8,1.6,4
zizican01,Žižić,Ante,2018,C,21,CLE,32,2,6.7,1.5,2.1,0.731,0,0,,1.5,2.1,0.731,0.731,0.7,0.9,0.724,0.8,1.1,1.9,0.2,0.1,0.4,0.3,0.9,3.7
zubaciv01,Zubac,Ivica,2018,C,20,LAL,43,0,9.5,1.4,2.8,0.5,0,0,0,1.4,2.8,0.504,0.5,0.9,1.2,0.765,1,1.8,2.9,0.6,0.2,0.3,0.6,1.1,3.7
